0  0  0  0
0.00241191  1.62044  0  1.00579
0.00482382  5.63763  0  3.49922
0.00723573  11.0343  0  6.84888
0.00964764  17.0683  0  10.5941
0.0120596  23.2116  0  14.4072
0.0144715  29.101  0  18.0627
0.0168834  34.4996  0  21.4136
0.0192953  39.2651  0  24.3715
0.0217072  43.3258  0  26.8919
0.0241191  46.6611  0  28.9621
0.026531  49.2868  0  30.5918
0.0289429  51.2435  0  31.8063
0.0313548  52.5878  0  32.6407
0.0337667  53.3854  0  33.1358
0.0361787  53.7067  0  33.3352
0.0385906  53.6226  0  33.283
0.0410025  53.2021  0  33.022
0.0434144  52.5109  0  32.593
0.0458263  51.6095  0  32.0335
0.0482382  50.5532  0  31.3779
0.0506501  49.3914  0  30.6567
0.053062  48.1675  0  29.8971
0.0554739  46.9193  0  29.1223
0.0578858  45.6789  0  28.3524
0.0602978  44.4733  0  27.6041
0.0627097  43.3248  0  26.8912
0.0651216  42.251  0  26.2248
0.0675335  41.2659  0  25.6133
0.0699454  40.3797  0  25.0633
0.0723573  39.5996  0  24.5791
0.0747692  38.9302  0  24.1636
0.0771811  38.3734  0  23.818
0.079593  37.9295  0  23.5424
0.0820049  37.5968  0  23.3359
0.0844169  37.3723  0  23.1966
0.0868288  37.2518  0  23.1218
0.0892407  37.2304  0  23.1085
0.0916526  37.3022  0  23.1531
0.0940645  37.4608  0  23.2515
0.0964764  37.6994  0  23.3997
0.0988883  38.0113  0  23.5932
0.1013  38.3891  0  23.8277
0.103712  38.8258  0  24.0988
0.106124  39.3142  0  24.4019
0.108536  39.8474  0  24.7329
0.110948  40.4186  0  25.0874
0.11336  41.0212  0  25.4614
0.115772  41.6488  0  25.851
0.118184  42.2956  0  26.2524
0.120596  42.9556  0  26.6621
0.123007  43.6237  0  27.0768
0.125419  44.2946  0  27.4932
0.127831  44.9638  0  27.9086
0.130243  45.6269  0  28.3202
0.132655  46.2799  0  28.7254
0.135067  46.919  0  29.1221
0.137479  47.541  0  29.5082
0.139891  48.1428  0  29.8817
0.142303  48.7217  0  30.2411
0.144715  49.2753  0  30.5847
0.147127  49.8015  0  30.9113
0.149538  50.2985  0  31.2197
0.15195  50.7645  0  31.509
0.154362  51.1983  0  31.7783
0.156774  51.5988  0  32.0268
0.159186  51.965  0  32.2541
0.161598  52.2962  0  32.4597
0.16401  52.5919  0  32.6433
0.166422  52.8519  0  32.8046
0.168834  53.0758  0  32.9436
0.171246  53.2637  0  33.0602
0.173658  53.4156  0  33.1545
0.176069  53.5319  0  33.2267
0.178481  53.6129  0  33.277
0.180893  53.659  0  33.3056
0.183305  53.6707  0  33.3128
0.185717  53.6487  0  33.2992
0.188129  53.5938  0  33.2651
0.190541  53.5066  0  33.211
0.192953  53.388  0  33.1374
0.195365  53.239  0  33.0449
0.197777  53.0604  0  32.934
0.200189  52.8531  0  32.8054
0.2026  52.6183  0  32.6596
0.205012  52.3569  0  32.4974
0.207424  52.07  0  32.3193
0.209836  51.7586  0  32.1261
0.212248  51.4239  0  31.9183
0.21466  51.0668  0  31.6967
0.217072  50.6885  0  31.4619
0.219484  50.2901  0  31.2146
0.221896  49.8727  0  30.9554
0.224308  49.4372  0  30.6852
0.22672  48.9848  0  30.4044
0.229131  48.5166  0  30.1138
0.231543  48.0336  0  29.8139
0.233955  47.5367  0  29.5056
0.236367  47.0271  0  29.1893
0.238779  46.5057  0  28.8656
0.241191  45.9735  0  28.5353
0.243603  45.4314  0  28.1988
0.246015  44.8803  0  27.8568
0.248427  44.3212  0  27.5097
0.250839  43.7549  0  27.1582
0.253251  43.1823  0  26.8028
0.255662  42.6042  0  26.444
0.258074  42.0215  0  26.0823
0.260486  41.4348  0  25.7181
0.262898  40.8449  0  25.352
0.26531  40.2526  0  24.9844
0.267722  39.6586  0  24.6157
0.270134  39.0635  0  24.2463
0.272546  38.468  0  23.8767
0.274958  37.8727  0  23.5072
0.27737  37.2782  0  23.1382
0.279782  36.6851  0  22.7701
0.282193  36.0938  0  22.4031
0.284605  35.505  0  22.0376
0.287017  34.9192  0  21.674
0.289429  34.3367  0  21.3124
0.291841  33.758  0  20.9532
0.294253  33.1836  0  20.5967
0.296665  32.6139  0  20.2431
0.299077  32.0492  0  19.8926
0.301489  31.4899  0  19.5454
0.303901  30.9363  0  19.2019
0.306313  30.3888  0  18.862
0.308724  29.8476  0  18.5261
0.311136  29.3131  0  18.1943
0.313548  28.7854  0  17.8668
0.31596  28.2649  0  17.5437
0.318372  27.7516  0  17.2251
0.320784  27.2459  0  16.9113
0.323196  26.748  0  16.6022
0.325608  26.2579  0  16.298
0.32802  25.7758  0  15.9988
0.330432  25.302  0  15.7047
0.332844  24.8364  0  15.4157
0.335255  24.3793  0  15.132
0.337667  23.9307  0  14.8535
0.340079  23.4907  0  14.5804
0.342491  23.0593  0  14.3127
0.344903  22.6367  0  14.0504
0.347315  22.2228  0  13.7935
0.349727  21.8178  0  13.5421
0.352139  21.4216  0  13.2962
0.354551  21.0342  0  13.0557
0.356963  20.6557  0  12.8208
0.359375  20.2861  0  12.5914
0.361787  19.9253  0  12.3674
0.364198  19.5733  0  12.149
0.36661  19.2301  0  11.9359
0.369022  18.8957  0  11.7284
0.371434  18.57  0  11.5262
0.373846  18.253  0  11.3294
0.376258  17.9445  0  11.138
0.37867  17.6446  0  10.9518
0.381082  17.3532  0  10.771
0.383494  17.0702  0  10.5953
0.385906  16.7955  0  10.4248
0.388318  16.5291  0  10.2595
0.390729  16.2708  0  10.0991
0.393141  16.0206  0  9.94384
0.395553  15.7784  0  9.79348
0.397965  15.544  0  9.64801
0.400377  15.3174  0  9.50737
0.402789  15.0985  0  9.37147
0.405201  14.8871  0  9.24027
0.407613  14.6832  0  9.11369
0.410025  14.4866  0  8.99166
0.412437  14.2972  0  8.87412
0.414849  14.1149  0  8.76097
0.41726  13.9396  0  8.65217
0.419672  13.7712  0  8.54762
0.422084  13.6095  0  8.44725
0.424496  13.4544  0  8.351
0.426908  13.3058  0  8.25877
0.42932  13.1636  0  8.1705
0.431732  13.0276  0  8.08611
0.434144  12.8978  0  8.00552
0.436556  12.7739  0  7.92865
0.438968  12.656  0  7.85542
0.44138  12.5437  0  7.78576
0.443791  12.4371  0  7.71959
0.446203  12.336  0  7.65682
0.448615  12.2402  0  7.59739
0.451027  12.1497  0  7.54121
0.453439  12.0643  0  7.48821
0.455851  11.9839  0  7.43831
0.458263  11.9084  0  7.39143
0.460675  11.8376  0  7.3475
0.463087  11.7715  0  7.30644
0.465499  11.7098  0  7.26818
0.467911  11.6526  0  7.23264
0.470322  11.5996  0  7.19975
0.472734  11.5508  0  7.16944
0.475146  11.506  0  7.14163
0.477558  11.4651  0  7.11625
0.47997  11.428  0  7.09324
0.482382  11.3946  0  7.07251
0.484794  11.3648  0  7.05401
0.487206  11.3385  0  7.03767
0.489618  11.3155  0  7.02341
0.49203  11.2958  0  7.01116
0.494442  11.2792  0  7.00088
0.496853  11.2657  0  6.99248
0.499265  11.2551  0  6.98591
0.501677  11.2473  0  6.98111
0.504089  11.2423  0  6.978
0.506501  11.24  0  6.97654
0.508913  11.2402  0  6.97666
0.511325  11.2428  0  6.97829
0.513737  11.2478  0  6.9814
0.516149  11.2551  0  6.98591
0.518561  11.2645  0  6.99177
0.520973  11.2761  0  6.99893
0.523384  11.2896  0  7.00734
0.525796  11.3051  0  7.01693
0.528208  11.3224  0  7.02767
0.53062  11.3414  0  7.03949
0.533032  11.3621  0  7.05235
0.535444  11.3844  0  7.0662
0.537856  11.4083  0  7.08099
0.540268  11.4335  0  7.09668
0.54268  11.4602  0  7.11321
0.545092  11.4881  0  7.13056
0.547504  11.5173  0  7.14866
0.549915  11.5476  0  7.16749
0.552327  11.579  0  7.18699
0.554739  11.6115  0  7.20712
0.557151  11.6449  0  7.22786
0.559563  11.6792  0  7.24915
0.561975  11.7143  0  7.27096
0.564387  11.7502  0  7.29326
0.566799  11.7869  0  7.316
0.569211  11.8242  0  7.33915
0.571623  11.8621  0  7.36268
0.574035  11.9006  0  7.38656
0.576446  11.9395  0  7.41075
0.578858  11.979  0  7.43522
0.58127  12.0188  0  7.45993
0.583682  12.059  0  7.48487
0.586094  12.0994  0  7.51
0.588506  12.1402  0  7.53529
0.590918  12.1812  0  7.56072
0.59333  12.2223  0  7.58625
0.595742  12.2636  0  7.61187
0.598154  12.3049  0  7.63754
0.600566  12.3464  0  7.66325
0.602978  12.3878  0  7.68897
0.605389  12.4292  0  7.71468
0.607801  12.4706  0  7.74035
0.610213  12.5118  0  7.76596
0.612625  12.553  0  7.7915
0.615037  12.594  0  7.81694
0.617449  12.6348  0  7.84226
0.619861  12.6753  0  7.86745
0.622273  12.7157  0  7.89249
0.624685  12.7557  0  7.91735
0.627097  12.7955  0  7.94203
0.629509  12.8349  0  7.96651
0.63192  12.874  0  7.99077
0.634332  12.9127  0  8.01479
0.636744  12.951  0  8.03857
0.639156  12.9889  0  8.06209
0.641568  13.0264  0  8.08533
0.64398  13.0633  0  8.10828
0.646392  13.0998  0  8.13094
0.648804  13.1358  0  8.15328
0.651216  13.1713  0  8.1753
0.653628  13.2063  0  8.19699
0.65604  13.2407  0  8.21834
0.658451  13.2745  0  8.23933
0.660863  13.3077  0  8.25996
0.663275  13.3404  0  8.28023
0.665687  13.3724  0  8.30011
0.668099  13.4038  0  8.31961
0.670511  13.4346  0  8.33871
0.672923  13.4647  0  8.35741
0.675335  13.4942  0  8.37571
0.677747  13.523  0  8.39359
0.680159  13.5511  0  8.41105
0.682571  13.5786  0  8.42808
0.684982  13.6053  0  8.44469
0.687394  13.6314  0  8.46086
0.689806  13.6567  0  8.47659
0.692218  13.6814  0  8.49188
0.69463  13.7053  0  8.50672
0.697042  13.7285  0  8.52111
0.699454  13.7509  0  8.53505
0.701866  13.7726  0  8.54853
0.704278  13.7936  0  8.56155
0.70669  13.8138  0  8.57411
0.709102  13.8333  0  8.58621
0.711513  13.8521  0  8.59784
0.713925  13.8701  0  8.609
0.716337  13.8873  0  8.6197
0.718749  13.9038  0  8.62993
0.721161  13.9195  0  8.63969
0.723573  13.9345  0  8.64898
0.725985  13.9487  0  8.65779
0.728397  13.9621  0  8.66614
0.730809  13.9748  0  8.67402
0.733221  13.9867  0  8.68143
0.735633  13.9979  0  8.68837
0.738044  14.0083  0  8.69484
0.740456  14.018  0  8.70084
0.742868  14.0269  0  8.70637
0.74528  14.0351  0  8.71144
0.747692  14.0425  0  8.71605
0.750104  14.0492  0  8.72019
0.752516  14.0551  0  8.72387
0.754928  14.0603  0  8.7271
0.75734  14.0648  0  8.72986
0.759752  14.0685  0  8.73217
0.762164  14.0715  0  8.73403
0.764575  14.0738  0  8.73544
0.766987  14.0753  0  8.7364
0.769399  14.0761  0  8.73692
0.771811  14.0763  0  8.73699
0.774223  14.0757  0  8.73662
0.776635  14.0744  0  8.73582
0.779047  14.0724  0  8.73459
0.781459  14.0697  0  8.73292
0.783871  14.0663  0  8.73083
0.786283  14.0623  0  8.72831
0.788695  14.0575  0  8.72537
0.791106  14.0521  0  8.72202
0.793518  14.0461  0  8.71825
0.79593  14.0393  0  8.71407
0.798342  14.0319  0  8.70948
0.800754  14.0239  0  8.7045
0.803166  14.0152  0  8.69911
0.805578  14.0059  0  8.69333
0.80799  13.996  0  8.68716
0.810402  13.9854  0  8.6806
0.812814  13.9742  0  8.67365
0.815226  13.9624  0  8.66633
0.817637  13.95  0  8.65864
0.820049  13.937  0  8.65057
0.822461  13.9234  0  8.64213
0.824873  13.9093  0  8.63334
0.827285  13.8945  0  8.62418
0.829697  13.8792  0  8.61467
0.832109  13.8633  0  8.60481
0.834521  13.8469  0  8.59461
0.836933  13.8299  0  8.58406
0.839345  13.8123  0  8.57317
0.841757  13.7943  0  8.56196
0.844169  13.7757  0  8.55041
0.84658  13.7565  0  8.53854
0.848992  13.7369  0  8.52635
0.851404  13.7168  0  8.51385
0.853816  13.6961  0  8.50103
0.856228  13.675  0  8.48791
0.85864  13.6533  0  8.47448
0.861052  13.6312  0  8.46076
0.863464  13.6086  0  8.44674
0.865876  13.5856  0  8.43244
0.868288  13.5621  0  8.41785
0.8707  13.5381  0  8.40298
0.873111  13.5137  0  8.38783
0.875523  13.4889  0  8.37241
0.877935  13.4636  0  8.35672
0.880347  13.4379  0  8.34077
0.882759  13.4118  0  8.32456
0.885171  13.3853  0  8.3081
0.887583  13.3583  0  8.29138
0.889995  13.331  0  8.27442
0.892407  13.3033  0  8.25722
0.894819  13.2752  0  8.23978
0.897231  13.2467  0  8.2221
0.899642  13.2179  0  8.2042
0.902054  13.1887  0  8.18607
0.904466  13.1591  0  8.16772
0.906878  13.1292  0  8.14916
0.90929  13.0989  0  8.13038
0.911702  13.0683  0  8.11139
0.914114  13.0374  0  8.09219
0.916526  13.0062  0  8.0728
0.918938  12.9746  0  8.05321
0.92135  12.9427  0  8.03343
0.923762  12.9106  0  8.01346
0.926173  12.8781  0  7.9933
0.928585  12.8453  0  7.97296
0.930997  12.8123  0  7.95244
0.933409  12.7789  0  7.93176
0.935821  12.7453  0  7.9109
0.938233  12.7115  0  7.88987
0.940645  12.6773  0  7.86869
0.943057  12.6429  0  7.84734
0.945469  12.6083  0  7.82584
0.947881  12.5734  0  7.80419
0.950293  12.5383  0  7.78239
0.952704  12.503  0  7.76045
0.955116  12.4674  0  7.73837
0.957528  12.4316  0  7.71615
0.95994  12.3956  0  7.6938
0.962352  12.3593  0  7.67132
0.964764  12.3229  0  7.64871
0.967176  12.2863  0  7.62597
0.969588  12.2495  0  7.60312
0.972  12.2125  0  7.58015
0.974412  12.1753  0  7.55707
0.976824  12.1379  0  7.53388
0.979235  12.1004  0  7.51058
0.981647  12.0627  0  7.48718
0.984059  12.0248  0  7.46368
0.986471  11.9868  0  7.44008
0.988883  11.9486  0  7.41638
0.991295  11.9103  0  7.3926
0.993707  11.8718  0  7.36872
0.996119  11.8332  0  7.34476
0.998531  11.7945  0  7.32072
1.00094  11.7556  0  7.2966
1.00335  11.7166  0  7.2724
1.00577  11.6775  0  7.24813
1.00818  11.6383  0  7.22379
1.01059  11.599  0  7.19938
1.013  11.5596  0  7.1749
1.01541  11.52  0  7.15036
1.01783  11.4804  0  7.12576
1.02024  11.4407  0  7.10111
1.02265  11.4009  0  7.0764
1.02506  11.361  0  7.05163
1.02747  11.321  0  7.02682
1.02989  11.2809  0  7.00196
1.0323  11.2408  0  6.97705
1.03471  11.2006  0  6.95211
1.03712  11.1604  0  6.92712
1.03953  11.12  0  6.90209
1.04195  11.0797  0  6.87703
1.04436  11.0392  0  6.85194
1.04677  10.9988  0  6.82681
1.04918  10.9582  0  6.80166
1.05159  10.9177  0  6.77648
1.054  10.8771  0  6.75128
1.05642  10.8364  0  6.72605
1.05883  10.7957  0  6.70081
1.06124  10.755  0  6.67555
1.06365  10.7143  0  6.65027
1.06606  10.6736  0  6.62498
1.06848  10.6328  0  6.59967
1.07089  10.592  0  6.57436
1.0733  10.5512  0  6.54904
1.07571  10.5104  0  6.52371
1.07812  10.4696  0  6.49838
1.08054  10.4288  0  6.47305
1.08295  10.388  0  6.44772
1.08536  10.3472  0  6.42238
1.08777  10.3064  0  6.39706
1.09018  10.2656  0  6.37173
1.0926  10.2248  0  6.34642
1.09501  10.184  0  6.32111
1.09742  10.1432  0  6.29581
1.09983  10.1025  0  6.27052
1.10224  10.0618  0  6.24525
1.10465  10.0211  0  6.21999
1.10707  9.98043  0  6.19475
1.10948  9.93979  0  6.16953
1.11189  9.89918  0  6.14432
1.1143  9.85861  0  6.11914
1.11671  9.81807  0  6.09398
1.11913  9.77757  0  6.06884
1.12154  9.73711  0  6.04373
1.12395  9.6967  0  6.01864
1.12636  9.65633  0  5.99358
1.12877  9.616  0  5.96855
1.13119  9.57573  0  5.94356
1.1336  9.5355  0  5.91859
1.13601  9.49533  0  5.89366
1.13842  9.45522  0  5.86876
1.14083  9.41516  0  5.84389
1.14325  9.37516  0  5.81906
1.14566  9.33522  0  5.79428
1.14807  9.29535  0  5.76953
1.15048  9.25553  0  5.74481
1.15289  9.21579  0  5.72015
1.1553  9.17611  0  5.69552
1.15772  9.13651  0  5.67093
1.16013  9.09697  0  5.6464
1.16254  9.05751  0  5.6219
1.16495  9.01812  0  5.59745
1.16736  8.97881  0  5.57305
1.16978  8.93957  0  5.5487
1.17219  8.90042  0  5.5244
1.1746  8.86135  0  5.50015
1.17701  8.82235  0  5.47594
1.17942  8.78344  0  5.45179
1.18184  8.74462  0  5.4277
1.18425  8.70588  0  5.40365
1.18666  8.66723  0  5.37966
1.18907  8.62867  0  5.35573
1.19148  8.5902  0  5.33185
1.1939  8.55182  0  5.30803
1.19631  8.51354  0  5.28426
1.19872  8.47535  0  5.26056
1.20113  8.43725  0  5.23691
1.20354  8.39925  0  5.21332
1.20596  8.36134  0  5.1898
1.20837  8.32353  0  5.16633
1.21078  8.28583  0  5.14293
1.21319  8.24822  0  5.11959
1.2156  8.21072  0  5.09631
1.21801  8.17331  0  5.07309
1.22043  8.13601  0  5.04994
1.22284  8.09882  0  5.02685
1.22525  8.06173  0  5.00383
1.22766  8.02474  0  4.98087
1.23007  7.98786  0  4.95798
1.23249  7.95109  0  4.93516
1.2349  7.91443  0  4.91241
1.23731  7.87788  0  4.88972
1.23972  7.84144  0  4.8671
1.24213  7.8051  0  4.84455
1.24455  7.76888  0  4.82207
1.24696  7.73277  0  4.79965
1.24937  7.69678  0  4.77731
1.25178  7.6609  0  4.75504
1.25419  7.62513  0  4.73284
1.25661  7.58947  0  4.71071
1.25902  7.55394  0  4.68865
1.26143  7.51851  0  4.66666
1.26384  7.48321  0  4.64475
1.26625  7.44802  0  4.62291
1.26866  7.41295  0  4.60114
1.27108  7.37799  0  4.57944
1.27349  7.34316  0  4.55782
1.2759  7.30844  0  4.53627
1.27831  7.27384  0  4.5148
1.28072  7.23937  0  4.4934
1.28314  7.20501  0  4.47208
1.28555  7.17077  0  4.45083
1.28796  7.13666  0  4.42965
1.29037  7.10267  0  4.40855
1.29278  7.06879  0  4.38753
1.2952  7.03504  0  4.36658
1.29761  7.00142  0  4.34571
1.30002  6.96791  0  4.32491
1.30243  6.93453  0  4.30419
1.30484  6.90127  0  4.28355
1.30726  6.86814  0  4.26298
1.30967  6.83513  0  4.24249
1.31208  6.80224  0  4.22208
1.31449  6.76948  0  4.20174
1.3169  6.73684  0  4.18149
1.31931  6.70433  0  4.16131
1.32173  6.67194  0  4.1412
1.32414  6.63967  0  4.12118
1.32655  6.60754  0  4.10123
1.32896  6.57552  0  4.08136
1.33137  6.54363  0  4.06157
1.33379  6.51187  0  4.04185
1.3362  6.48024  0  4.02222
1.33861  6.44872  0  4.00266
1.34102  6.41734  0  3.98318
1.34343  6.38608  0  3.96377
1.34585  6.35495  0  3.94445
1.34826  6.32394  0  3.9252
1.35067  6.29306  0  3.90604
1.35308  6.2623  0  3.88695
1.35549  6.23168  0  3.86794
1.35791  6.20117  0  3.849
1.36032  6.1708  0  3.83015
1.36273  6.14055  0  3.81137
1.36514  6.11042  0  3.79268
1.36755  6.08042  0  3.77406
1.36996  6.05055  0  3.75551
1.37238  6.0208  0  3.73705
1.37479  5.99118  0  3.71867
1.3772  5.96169  0  3.70036
1.37961  5.93232  0  3.68213
1.38202  5.90308  0  3.66398
1.38444  5.87396  0  3.64591
1.38685  5.84497  0  3.62791
1.38926  5.8161  0  3.60999
1.39167  5.78736  0  3.59216
1.39408  5.75874  0  3.57439
1.3965  5.73025  0  3.55671
1.39891  5.70189  0  3.5391
1.40132  5.67365  0  3.52157
1.40373  5.64553  0  3.50412
1.40614  5.61754  0  3.48675
1.40856  5.58967  0  3.46945
1.41097  5.56193  0  3.45223
1.41338  5.53431  0  3.43509
1.41579  5.50681  0  3.41802
1.4182  5.47944  0  3.40103
1.42061  5.45219  0  3.38412
1.42303  5.42506  0  3.36728
1.42544  5.39806  0  3.35052
1.42785  5.37118  0  3.33383
1.43026  5.34442  0  3.31723
1.43267  5.31778  0  3.30069
1.43509  5.29127  0  3.28424
1.4375  5.26488  0  3.26786
1.43991  5.23861  0  3.25155
1.44232  5.21246  0  3.23532
1.44473  5.18643  0  3.21917
1.44715  5.16053  0  3.20309
1.44956  5.13474  0  3.18708
1.45197  5.10908  0  3.17115
1.45438  5.08353  0  3.15529
1.45679  5.0581  0  3.13951
1.45921  5.0328  0  3.12381
1.46162  5.00761  0  3.10817
1.46403  4.98254  0  3.09261
1.46644  4.95759  0  3.07713
1.46885  4.93276  0  3.06171
1.47127  4.90805  0  3.04638
1.47368  4.88345  0  3.03111
1.47609  4.85898  0  3.01592
1.4785  4.83461  0  3.0008
1.48091  4.81037  0  2.98575
1.48332  4.78624  0  2.97077
1.48574  4.76223  0  2.95587
1.48815  4.73834  0  2.94104
1.49056  4.71456  0  2.92628
1.49297  4.69089  0  2.91159
1.49538  4.66734  0  2.89697
1.4978  4.64391  0  2.88243
1.50021  4.62059  0  2.86795
1.50262  4.59738  0  2.85355
1.50503  4.57429  0  2.83921
1.50744  4.55131  0  2.82495
1.50986  4.52844  0  2.81076
1.51227  4.50569  0  2.79663
1.51468  4.48305  0  2.78258
1.51709  4.46051  0  2.7686
1.5195  4.4381  0  2.75468
1.52192  4.41579  0  2.74083
1.52433  4.39359  0  2.72706
1.52674  4.3715  0  2.71335
1.52915  4.34953  0  2.69971
1.53156  4.32766  0  2.68613
1.53397  4.3059  0  2.67263
1.53639  4.28425  0  2.65919
1.5388  4.26271  0  2.64582
1.54121  4.24128  0  2.63252
1.54362  4.21996  0  2.61928
1.54603  4.19874  0  2.60612
1.54845  4.17763  0  2.59301
1.55086  4.15663  0  2.57998
1.55327  4.13573  0  2.56701
1.55568  4.11494  0  2.5541
1.55809  4.09426  0  2.54126
1.56051  4.07368  0  2.52849
1.56292  4.0532  0  2.51578
1.56533  4.03283  0  2.50314
1.56774  4.01257  0  2.49056
1.57015  3.9924  0  2.47804
1.57257  3.97234  0  2.46559
1.57498  3.95239  0  2.45321
1.57739  3.93253  0  2.44088
1.5798  3.91278  0  2.42862
1.58221  3.89313  0  2.41643
1.58462  3.87358  0  2.40429
1.58704  3.85413  0  2.39222
1.58945  3.83478  0  2.38021
1.59186  3.81554  0  2.36826
1.59427  3.79639  0  2.35638
1.59668  3.77734  0  2.34456
1.5991  3.75839  0  2.3328
1.60151  3.73954  0  2.32109
1.60392  3.72079  0  2.30946
1.60633  3.70213  0  2.29788
1.60874  3.68358  0  2.28636
1.61116  3.66512  0  2.2749
1.61357  3.64675  0  2.2635
1.61598  3.62849  0  2.25216
1.61839  3.61031  0  2.24089
1.6208  3.59224  0  2.22967
1.62322  3.57426  0  2.2185
1.62563  3.55637  0  2.2074
1.62804  3.53858  0  2.19636
1.63045  3.52088  0  2.18537
1.63286  3.50328  0  2.17445
1.63527  3.48576  0  2.16358
1.63769  3.46835  0  2.15277
1.6401  3.45102  0  2.14201
1.64251  3.43378  0  2.13131
1.64492  3.41664  0  2.12067
1.64733  3.39959  0  2.11009
1.64975  3.38263  0  2.09956
1.65216  3.36576  0  2.08909
1.65457  3.34898  0  2.07867
1.65698  3.33228  0  2.06831
1.65939  3.31568  0  2.05801
1.66181  3.29917  0  2.04776
1.66422  3.28274  0  2.03756
1.66663  3.26641  0  2.02742
1.66904  3.25016  0  2.01734
1.67145  3.23399  0  2.00731
1.67387  3.21792  0  1.99733
1.67628  3.20193  0  1.9874
1.67869  3.18603  0  1.97753
1.6811  3.17021  0  1.96772
1.68351  3.15448  0  1.95795
1.68593  3.13883  0  1.94824
1.68834  3.12327  0  1.93858
1.69075  3.10779  0  1.92897
1.69316  3.09239  0  1.91942
1.69557  3.07708  0  1.90991
1.69798  3.06185  0  1.90046
1.7004  3.04671  0  1.89106
1.70281  3.03164  0  1.88171
1.70522  3.01666  0  1.87241
1.70763  3.00176  0  1.86316
1.71004  2.98694  0  1.85396
1.71246  2.9722  0  1.84481
1.71487  2.95754  0  1.83572
1.71728  2.94297  0  1.82667
1.71969  2.92847  0  1.81767
1.7221  2.91405  0  1.80872
1.72452  2.89971  0  1.79982
1.72693  2.88544  0  1.79097
1.72934  2.87126  0  1.78216
1.73175  2.85715  0  1.77341
1.73416  2.84312  0  1.7647
1.73658  2.82917  0  1.75604
1.73899  2.8153  0  1.74743
1.7414  2.8015  0  1.73886
1.74381  2.78777  0  1.73034
1.74622  2.77413  0  1.72187
1.74863  2.76055  0  1.71345
1.75105  2.74706  0  1.70507
1.75346  2.73363  0  1.69674
1.75587  2.72028  0  1.68845
1.75828  2.70701  0  1.68021
1.76069  2.69381  0  1.67202
1.76311  2.68068  0  1.66387
1.76552  2.66762  0  1.65577
1.76793  2.65464  0  1.64771
1.77034  2.64173  0  1.63969
1.77275  2.62889  0  1.63172
1.77517  2.61612  0  1.6238
1.77758  2.60342  0  1.61591
1.77999  2.59079  0  1.60808
1.7824  2.57823  0  1.60028
1.78481  2.56575  0  1.59253
1.78723  2.55333  0  1.58482
1.78964  2.54098  0  1.57716
1.79205  2.5287  0  1.56954
1.79446  2.51649  0  1.56196
1.79687  2.50434  0  1.55442
1.79928  2.49227  0  1.54692
1.8017  2.48026  0  1.53947
1.80411  2.46832  0  1.53206
1.80652  2.45644  0  1.52469
1.80893  2.44464  0  1.51736
1.81134  2.4329  0  1.51007
1.81376  2.42122  0  1.50283
1.81617  2.40961  0  1.49562
1.81858  2.39807  0  1.48845
1.82099  2.38658  0  1.48133
1.8234  2.37517  0  1.47424
1.82582  2.36382  0  1.4672
1.82823  2.35253  0  1.46019
1.83064  2.34131  0  1.45322
1.83305  2.33014  0  1.4463
1.83546  2.31905  0  1.43941
1.83788  2.30801  0  1.43256
1.84029  2.29704  0  1.42575
1.8427  2.28613  0  1.41898
1.84511  2.27528  0  1.41224
1.84752  2.26449  0  1.40554
1.84993  2.25376  0  1.39889
1.85235  2.2431  0  1.39227
1.85476  2.23249  0  1.38568
1.85717  2.22194  0  1.37914
1.85958  2.21146  0  1.37263
1.86199  2.20103  0  1.36616
1.86441  2.19066  0  1.35972
1.86682  2.18035  0  1.35332
1.86923  2.1701  0  1.34696
1.87164  2.15991  0  1.34063
1.87405  2.14977  0  1.33434
1.87647  2.1397  0  1.32809
1.87888  2.12968  0  1.32187
1.88129  2.11972  0  1.31569
1.8837  2.10981  0  1.30954
1.88611  2.09996  0  1.30342
1.88853  2.09017  0  1.29735
1.89094  2.08043  0  1.2913
1.89335  2.07075  0  1.28529
1.89576  2.06112  0  1.27932
1.89817  2.05155  0  1.27338
1.90059  2.04204  0  1.26747
1.903  2.03257  0  1.2616
1.90541  2.02317  0  1.25576
1.90782  2.01381  0  1.24995
1.91023  2.00451  0  1.24418
1.91264  1.99526  0  1.23844
1.91506  1.98607  0  1.23273
1.91747  1.97693  0  1.22706
1.91988  1.96784  0  1.22142
1.92229  1.9588  0  1.21581
1.9247  1.94982  0  1.21023
1.92712  1.94088  0  1.20469
1.92953  1.932  0  1.19917
1.93194  1.92317  0  1.19369
1.93435  1.91439  0  1.18824
1.93676  1.90566  0  1.18283
1.93918  1.89698  0  1.17744
1.94159  1.88836  0  1.17208
1.944  1.87978  0  1.16676
1.94641  1.87125  0  1.16146
1.94882  1.86277  0  1.1562
1.95124  1.85434  0  1.15097
1.95365  1.84595  0  1.14576
1.95606  1.83762  0  1.14059
1.95847  1.82933  0  1.13545
1.96088  1.82109  0  1.13033
1.96329  1.8129  0  1.12525
1.96571  1.80476  0  1.1202
1.96812  1.79667  0  1.11517
1.97053  1.78862  0  1.11018
1.97294  1.78062  0  1.10521
1.97535  1.77266  0  1.10027
1.97777  1.76475  0  1.09536
1.98018  1.75689  0  1.09048
1.98259  1.74907  0  1.08563
1.985  1.7413  0  1.08081
1.98741  1.73357  0  1.07601
1.98983  1.72589  0  1.07124
1.99224  1.71825  0  1.0665
1.99465  1.71066  0  1.06179
1.99706  1.70311  0  1.05711
1.99947  1.69561  0  1.05245
2.00189  1.68815  0  1.04782
2.0043  1.68073  0  1.04321
2.00671  1.67336  0  1.03864
2.00912  1.66603  0  1.03409
2.01153  1.65874  0  1.02956
2.01394  1.6515  0  1.02507
2.01636  1.6443  0  1.0206
2.01877  1.63714  0  1.01615
2.02118  1.63002  0  1.01174
2.02359  1.62294  0  1.00734
2.026  1.61591  0  1.00298
2.02842  1.60892  0  0.998637
2.03083  1.60196  0  0.994322
2.03324  1.59505  0  0.990033
2.03565  1.58818  0  0.985768
2.03806  1.58135  0  0.981529
2.04048  1.57456  0  0.977315
2.04289  1.56781  0  0.973125
2.0453  1.5611  0  0.968961
2.04771  1.55443  0  0.964821
2.05012  1.5478  0  0.960705
2.05254  1.54121  0  0.956614
2.05495  1.53466  0  0.952546
2.05736  1.52814  0  0.948503
2.05977  1.52167  0  0.944484
2.06218  1.51523  0  0.940489
2.06459  1.50883  0  0.936517
2.06701  1.50247  0  0.932569
2.06942  1.49615  0  0.928644
2.07183  1.48986  0  0.924743
2.07424  1.48362  0  0.920865
2.07665  1.4774  0  0.91701
2.07907  1.47123  0  0.913177
2.08148  1.46509  0  0.909368
2.08389  1.45899  0  0.905581
2.0863  1.45293  0  0.901817
2.08871  1.4469  0  0.898075
2.09113  1.44091  0  0.894356
2.09354  1.43495  0  0.890659
2.09595  1.42903  0  0.886984
2.09836  1.42314  0  0.883331
2.10077  1.41729  0  0.879699
2.10319  1.41148  0  0.87609
2.1056  1.4057  0  0.872502
2.10801  1.39995  0  0.868936
2.11042  1.39424  0  0.865391
2.11283  1.38856  0  0.861867
2.11525  1.38292  0  0.858365
2.11766  1.37731  0  0.854883
2.12007  1.37174  0  0.851423
2.12248  1.3662  0  0.847983
2.12489  1.36069  0  0.844564
2.1273  1.35521  0  0.841166
2.12972  1.34977  0  0.837788
2.13213  1.34436  0  0.834431
2.13454  1.33898  0  0.831094
2.13695  1.33364  0  0.827777
2.13936  1.32833  0  0.82448
2.14178  1.32305  0  0.821203
2.14419  1.3178  0  0.817946
2.1466  1.31259  0  0.814709
2.14901  1.3074  0  0.811491
2.15142  1.30225  0  0.808293
2.15384  1.29713  0  0.805115
2.15625  1.29204  0  0.801956
2.15866  1.28698  0  0.798816
2.16107  1.28195  0  0.795695
2.16348  1.27696  0  0.792593
2.1659  1.27199  0  0.78951
2.16831  1.26705  0  0.786446
2.17072  1.26215  0  0.783401
2.17313  1.25727  0  0.780374
2.17554  1.25242  0  0.777366
2.17795  1.24761  0  0.774377
2.18037  1.24282  0  0.771405
2.18278  1.23806  0  0.768453
2.18519  1.23333  0  0.765518
2.1876  1.22863  0  0.762601
2.19001  1.22396  0  0.759702
2.19243  1.21932  0  0.756821
2.19484  1.21471  0  0.753958
2.19725  1.21013  0  0.751113
2.19966  1.20557  0  0.748285
2.20207  1.20104  0  0.745475
2.20449  1.19654  0  0.742682
2.2069  1.19207  0  0.739906
2.20931  1.18763  0  0.737148
2.21172  1.18321  0  0.734407
2.21413  1.17882  0  0.731683
2.21655  1.17446  0  0.728975
2.21896  1.17013  0  0.726285
2.22137  1.16582  0  0.723612
2.22378  1.16154  0  0.720955
2.22619  1.15729  0  0.718315
2.2286  1.15306  0  0.715691
2.23102  1.14886  0  0.713084
2.23343  1.14468  0  0.710493
2.23584  1.14054  0  0.707919
2.23825  1.13641  0  0.705361
2.24066  1.13232  0  0.702819
2.24308  1.12825  0  0.700292
2.24549  1.1242  0  0.697782
2.2479  1.12019  0  0.695288
2.25031  1.11619  0  0.69281
2.25272  1.11223  0  0.690347
2.25514  1.10828  0  0.6879
2.25755  1.10437  0  0.685468
2.25996  1.10047  0  0.683052
2.26237  1.0966  0  0.680651
2.26478  1.09276  0  0.678266
2.2672  1.08894  0  0.675896
2.26961  1.08515  0  0.673541
2.27202  1.08138  0  0.671201
2.27443  1.07763  0  0.668876
2.27684  1.07391  0  0.666566
2.27925  1.07021  0  0.664271
2.28167  1.06654  0  0.66199
2.28408  1.06289  0  0.659725
2.28649  1.05926  0  0.657474
2.2889  1.05566  0  0.655237
2.29131  1.05208  0  0.653015
2.29373  1.04852  0  0.650808
2.29614  1.04499  0  0.648615
2.29855  1.04148  0  0.646436
2.30096  1.03799  0  0.644271
2.30337  1.03453  0  0.642121
2.30579  1.03109  0  0.639984
2.3082  1.02767  0  0.637862
2.31061  1.02427  0  0.635753
2.31302  1.02089  0  0.633659
2.31543  1.01754  0  0.631578
2.31785  1.01421  0  0.62951
2.32026  1.0109  0  0.627457
2.32267  1.00762  0  0.625417
2.32508  1.00435  0  0.623391
2.32749  1.00111  0  0.621378
2.32991  0.997887  0  0.619378
2.33232  0.994687  0  0.617392
2.33473  0.991508  0  0.615419
2.33714  0.988351  0  0.613459
2.33955  0.985215  0  0.611513
2.34196  0.982099  0  0.609579
2.34438  0.979005  0  0.607658
2.34679  0.975932  0  0.605751
2.3492  0.972879  0  0.603856
2.35161  0.969847  0  0.601974
2.35402  0.966836  0  0.600105
2.35644  0.963845  0  0.598249
2.35885  0.960875  0  0.596405
2.36126  0.957924  0  0.594574
2.36367  0.954994  0  0.592755
2.36608  0.952084  0  0.590949
2.3685  0.949194  0  0.589155
2.37091  0.946324  0  0.587374
2.37332  0.943474  0  0.585604
2.37573  0.940643  0  0.583848
2.37814  0.937832  0  0.582103
2.38056  0.935041  0  0.58037
2.38297  0.932269  0  0.57865
2.38538  0.929516  0  0.576941
2.38779  0.926783  0  0.575245
2.3902  0.924069  0  0.57356
2.39261  0.921374  0  0.571887
2.39503  0.918697  0  0.570226
2.39744  0.91604  0  0.568577
2.39985  0.913402  0  0.566939
2.40226  0.910782  0  0.565313
2.40467  0.908181  0  0.563699
2.40709  0.905599  0  0.562096
2.4095  0.903035  0  0.560504
2.41191  0.900489  0  0.558924
