0  25053.4  0  15550.4
0.00241191  22166.7  0  13758.6
0.00482382  19279.9  0  11966.8
0.00723573  16771.5  0  10409.9
0.00964764  14592.8  0  9057.6
0.0120596  12700.8  0  7883.28
0.0144715  11057.9  0  6863.54
0.0168834  9631.33  0  5978.07
0.0192953  8392.57  0  5209.18
0.0217072  7316.94  0  4541.55
0.0241191  6382.97  0  3961.85
0.026531  5572.03  0  3458.5
0.0289429  4867.93  0  3021.47
0.0313548  4256.63  0  2642.05
0.0337667  3725.93  0  2312.64
0.0361787  3265.23  0  2026.69
0.0385906  2865.34  0  1778.48
0.0410025  2518.25  0  1563.05
0.0434144  2217.03  0  1376.09
0.0458263  1955.65  0  1213.85
0.0482382  1728.85  0  1073.08
0.0506501  1532.08  0  950.945
0.053062  1361.37  0  844.989
0.0554739  1213.29  0  753.075
0.0578858  1084.83  0  673.342
0.0602978  973.391  0  604.174
0.0627097  876.713  0  544.167
0.0651216  792.825  0  492.098
0.0675335  720.017  0  446.907
0.0699454  656.803  0  407.671
0.0723573  601.889  0  373.586
0.0747692  554.154  0  343.958
0.0771811  512.623  0  318.18
0.079593  476.45  0  295.727
0.0820049  444.898  0  276.144
0.0844169  417.332  0  259.033
0.0868288  393.198  0  244.054
0.0892407  372.017  0  230.907
0.0916526  353.374  0  219.336
0.0940645  336.911  0  209.117
0.0964764  322.317  0  200.059
0.0988883  309.323  0  191.994
0.1013  297.699  0  184.779
0.103712  287.244  0  178.289
0.106124  277.787  0  172.42
0.108536  269.18  0  167.077
0.110948  261.296  0  162.184
0.11336  254.027  0  157.672
0.115772  247.28  0  153.484
0.118184  240.974  0  149.57
0.120596  235.043  0  145.889
0.123007  229.43  0  142.405
0.125419  224.085  0  139.087
0.127831  218.968  0  135.911
0.130243  214.043  0  132.854
0.132655  209.283  0  129.9
0.135067  204.664  0  127.033
0.137479  200.164  0  124.24
0.139891  195.769  0  121.512
0.142303  191.464  0  118.84
0.144715  187.238  0  116.217
0.147127  183.084  0  113.639
0.149538  178.994  0  111.1
0.15195  174.963  0  108.598
0.154362  170.987  0  106.13
0.156774  167.063  0  103.694
0.159186  163.189  0  101.29
0.161598  159.363  0  98.9152
0.16401  155.586  0  96.5703
0.166422  151.855  0  94.255
0.168834  148.173  0  91.9693
0.171246  144.538  0  89.7133
0.173658  140.952  0  87.4875
0.176069  137.415  0  85.2923
0.178481  133.929  0  83.1282
0.180893  130.493  0  80.9957
0.183305  127.109  0  78.8955
0.185717  123.779  0  76.8282
0.188129  120.502  0  74.7941
0.190541  117.279  0  72.794
0.192953  114.112  0  70.8282
0.195365  111.001  0  68.8973
0.197777  107.947  0  67.0016
0.200189  104.95  0  65.1414
0.2026  102.011  0  63.3171
0.205012  99.1298  0  61.5288
0.207424  96.3072  0  59.7769
0.209836  93.5432  0  58.0613
0.212248  90.838  0  56.3822
0.21466  88.1915  0  54.7396
0.217072  85.6037  0  53.1334
0.219484  83.0745  0  51.5635
0.221896  80.6037  0  50.0299
0.224308  78.1908  0  48.5322
0.22672  75.8357  0  47.0705
0.229131  73.5379  0  45.6442
0.231543  71.2969  0  44.2532
0.233955  69.1121  0  42.8971
0.236367  66.983  0  41.5756
0.238779  64.9089  0  40.2883
0.241191  62.8891  0  39.0346
0.243603  60.923  0  37.8143
0.246015  59.0097  0  36.6267
0.248427  57.1485  0  35.4715
0.250839  55.3386  0  34.3481
0.253251  53.5791  0  33.256
0.255662  51.8691  0  32.1946
0.258074  50.2078  0  31.1635
0.260486  48.5943  0  30.162
0.262898  47.0276  0  29.1896
0.26531  45.5069  0  28.2456
0.267722  44.0311  0  27.3297
0.270134  42.5994  0  26.441
0.272546  41.2108  0  25.5791
0.274958  39.8644  0  24.7434
0.27737  38.5592  0  23.9333
0.279782  37.2942  0  23.1481
0.282193  36.0686  0  22.3874
0.284605  34.8814  0  21.6505
0.287017  33.7317  0  20.9369
0.289429  32.6185  0  20.2459
0.291841  31.5409  0  19.5771
0.294253  30.498  0  18.9298
0.296665  29.489  0  18.3035
0.299077  28.5129  0  17.6977
0.301489  27.5689  0  17.1117
0.303901  26.656  0  16.5451
0.306313  25.7735  0  15.9974
0.308724  24.9206  0  15.4679
0.311136  24.0963  0  14.9563
0.313548  23.2999  0  14.462
0.31596  22.5306  0  13.9845
0.318372  21.7876  0  13.5233
0.320784  21.0701  0  13.078
0.323196  20.3774  0  12.648
0.325608  19.7088  0  12.233
0.32802  19.0635  0  11.8325
0.330432  18.4409  0  11.4461
0.332844  17.8402  0  11.0732
0.335255  17.2607  0  10.7136
0.337667  16.7019  0  10.3667
0.340079  16.1631  0  10.0323
0.342491  15.6436  0  9.70984
0.344903  15.1429  0  9.39903
0.347315  14.6603  0  9.09948
0.349727  14.1952  0  8.81084
0.352139  13.7472  0  8.53274
0.354551  13.3156  0  8.26484
0.356963  12.8999  0  8.00681
0.359375  12.4995  0  7.75833
0.361787  12.1141  0  7.51908
0.364198  11.743  0  7.28875
0.36661  11.3858  0  7.06704
0.369022  11.042  0  6.85367
0.371434  10.7112  0  6.64834
0.373846  10.3929  0  6.45078
0.376258  10.0867  0  6.26073
0.37867  9.79223  0  6.07793
0.381082  9.50898  0  5.90213
0.383494  9.23662  0  5.73307
0.385906  8.97475  0  5.57053
0.388318  8.723  0  5.41428
0.390729  8.48102  0  5.26408
0.393141  8.24845  0  5.11973
0.395553  8.02496  0  4.98101
0.397965  7.81022  0  4.84773
0.400377  7.60392  0  4.71967
0.402789  7.40574  0  4.59667
0.405201  7.21539  0  4.47852
0.407613  7.03258  0  4.36505
0.410025  6.85702  0  4.25608
0.412437  6.68846  0  4.15146
0.414849  6.52663  0  4.05101
0.41726  6.37127  0  3.95458
0.419672  6.22214  0  3.86202
0.422084  6.07901  0  3.77318
0.424496  5.94164  0  3.68792
0.426908  5.80982  0  3.60609
0.42932  5.68332  0  3.52758
0.431732  5.56195  0  3.45225
0.434144  5.4455  0  3.37997
0.436556  5.33378  0  3.31062
0.438968  5.22661  0  3.2441
0.44138  5.1238  0  3.18029
0.443791  5.02518  0  3.11908
0.446203  4.93059  0  3.06036
0.448615  4.83985  0  3.00404
0.451027  4.75282  0  2.95003
0.453439  4.66934  0  2.89821
0.455851  4.58927  0  2.84851
0.458263  4.51247  0  2.80085
0.460675  4.43881  0  2.75512
0.463087  4.36814  0  2.71126
0.465499  4.30036  0  2.66919
0.467911  4.23533  0  2.62882
0.470322  4.17294  0  2.5901
0.472734  4.11307  0  2.55294
0.475146  4.05563  0  2.51729
0.477558  4.0005  0  2.48307
0.47997  3.94759  0  2.45023
0.482382  3.89679  0  2.4187
0.484794  3.84802  0  2.38843
0.487206  3.80119  0  2.35936
0.489618  3.7562  0  2.33144
0.49203  3.71299  0  2.30461
0.494442  3.67146  0  2.27883
0.496853  3.63154  0  2.25406
0.499265  3.59315  0  2.23023
0.501677  3.55624  0  2.20732
0.504089  3.52072  0  2.18528
0.506501  3.48654  0  2.16406
0.508913  3.45363  0  2.14363
0.511325  3.42193  0  2.12396
0.513737  3.39138  0  2.105
0.516149  3.36193  0  2.08672
0.518561  3.33353  0  2.06909
0.520973  3.30611  0  2.05207
0.523384  3.27965  0  2.03564
0.525796  3.25408  0  2.01977
0.528208  3.22936  0  2.00443
0.53062  3.20545  0  1.98959
0.533032  3.18231  0  1.97523
0.535444  3.1599  0  1.96132
0.537856  3.13818  0  1.94783
0.540268  3.11711  0  1.93476
0.54268  3.09667  0  1.92207
0.545092  3.07681  0  1.90974
0.547504  3.0575  0  1.89776
0.549915  3.03872  0  1.8861
0.552327  3.02043  0  1.87475
0.554739  3.00262  0  1.86369
0.557151  2.98524  0  1.85291
0.559563  2.96828  0  1.84238
0.561975  2.95171  0  1.83209
0.564387  2.93551  0  1.82204
0.566799  2.91965  0  1.8122
0.569211  2.90413  0  1.80256
0.571623  2.8889  0  1.79311
0.574035  2.87397  0  1.78384
0.576446  2.8593  0  1.77474
0.578858  2.84488  0  1.76579
0.58127  2.8307  0  1.75699
0.583682  2.81674  0  1.74832
0.586094  2.80299  0  1.73978
0.588506  2.78942  0  1.73136
0.590918  2.77603  0  1.72305
0.59333  2.76281  0  1.71485
0.595742  2.74974  0  1.70673
0.598154  2.7368  0  1.69871
0.600566  2.72401  0  1.69076
0.602978  2.71133  0  1.68289
0.605389  2.69876  0  1.67509
0.607801  2.68629  0  1.66735
0.610213  2.67392  0  1.65967
0.612625  2.66163  0  1.65204
0.615037  2.64941  0  1.64446
0.617449  2.63727  0  1.63693
0.619861  2.62519  0  1.62943
0.622273  2.61317  0  1.62197
0.624685  2.6012  0  1.61454
0.627097  2.58928  0  1.60714
0.629509  2.57739  0  1.59976
0.63192  2.56554  0  1.59241
0.634332  2.55373  0  1.58507
0.636744  2.54193  0  1.57775
0.639156  2.53017  0  1.57045
0.641568  2.51842  0  1.56316
0.64398  2.50669  0  1.55587
0.646392  2.49496  0  1.5486
0.648804  2.48325  0  1.54133
0.651216  2.47155  0  1.53407
0.653628  2.45985  0  1.52681
0.65604  2.44816  0  1.51955
0.658451  2.43646  0  1.51229
0.660863  2.42477  0  1.50503
0.663275  2.41307  0  1.49777
0.665687  2.40137  0  1.49051
0.668099  2.38966  0  1.48324
0.670511  2.37795  0  1.47597
0.672923  2.36623  0  1.46869
0.675335  2.3545  0  1.46141
0.677747  2.34276  0  1.45413
0.680159  2.33102  0  1.44684
0.682571  2.31926  0  1.43954
0.684982  2.30749  0  1.43224
0.687394  2.29572  0  1.42493
0.689806  2.28393  0  1.41761
0.692218  2.27213  0  1.41029
0.69463  2.26032  0  1.40296
0.697042  2.24851  0  1.39562
0.699454  2.23668  0  1.38828
0.701866  2.22484  0  1.38094
0.704278  2.21299  0  1.37358
0.70669  2.20114  0  1.36622
0.709102  2.18927  0  1.35886
0.711513  2.1774  0  1.35149
0.713925  2.16552  0  1.34412
0.716337  2.15364  0  1.33674
0.718749  2.14175  0  1.32936
0.721161  2.12985  0  1.32198
0.723573  2.11795  0  1.31459
0.725985  2.10605  0  1.3072
0.728397  2.09414  0  1.29981
0.730809  2.08223  0  1.29242
0.733221  2.07032  0  1.28503
0.735633  2.05841  0  1.27763
0.738044  2.0465  0  1.27024
0.740456  2.03459  0  1.26285
0.742868  2.02269  0  1.25546
0.74528  2.01079  0  1.24808
0.747692  1.99889  0  1.24069
0.750104  1.987  0  1.23331
0.752516  1.97512  0  1.22594
0.754928  1.96324  0  1.21857
0.75734  1.95138  0  1.2112
0.759752  1.93952  0  1.20384
0.762164  1.92768  0  1.19649
0.764575  1.91584  0  1.18914
0.766987  1.90402  0  1.18181
0.769399  1.89221  0  1.17448
0.771811  1.88042  0  1.16716
0.774223  1.86865  0  1.15985
0.776635  1.85689  0  1.15255
0.779047  1.84515  0  1.14526
0.781459  1.83342  0  1.13799
0.783871  1.82172  0  1.13072
0.786283  1.81004  0  1.12347
0.788695  1.79838  0  1.11624
0.791106  1.78675  0  1.10901
0.793518  1.77513  0  1.10181
0.79593  1.76354  0  1.09461
0.798342  1.75198  0  1.08744
0.800754  1.74045  0  1.08028
0.803166  1.72894  0  1.07313
0.805578  1.71746  0  1.06601
0.80799  1.70601  0  1.0589
0.810402  1.69459  0  1.05181
0.812814  1.6832  0  1.04474
0.815226  1.67184  0  1.0377
0.817637  1.66052  0  1.03067
0.820049  1.64923  0  1.02366
0.822461  1.63797  0  1.01667
0.824873  1.62675  0  1.0097
0.827285  1.61556  0  1.00276
0.829697  1.60441  0  0.99584
0.832109  1.5933  0  0.988943
0.834521  1.58222  0  0.982068
0.836933  1.57118  0  0.975218
0.839345  1.56019  0  0.968392
0.841757  1.54923  0  0.961591
0.844169  1.53831  0  0.954814
0.84658  1.52744  0  0.948064
0.848992  1.5166  0  0.941339
0.851404  1.50581  0  0.93464
0.853816  1.49506  0  0.927968
0.856228  1.48435  0  0.921323
0.85864  1.47369  0  0.914705
0.861052  1.46307  0  0.908115
0.863464  1.4525  0  0.901553
0.865876  1.44197  0  0.895019
0.868288  1.43149  0  0.888513
0.8707  1.42106  0  0.882037
0.873111  1.41067  0  0.875589
0.875523  1.40033  0  0.869171
0.877935  1.39004  0  0.862782
0.880347  1.37979  0  0.856423
0.882759  1.3696  0  0.850094
0.885171  1.35945  0  0.843796
0.887583  1.34935  0  0.837528
0.889995  1.3393  0  0.831291
0.892407  1.3293  0  0.825084
0.894819  1.31935  0  0.818909
0.897231  1.30945  0  0.812765
0.899642  1.29961  0  0.806653
0.902054  1.28981  0  0.800572
0.904466  1.28006  0  0.794523
0.906878  1.27037  0  0.788506
0.90929  1.26073  0  0.782521
0.911702  1.25114  0  0.776568
0.914114  1.2416  0  0.770648
0.916526  1.23211  0  0.76476
0.918938  1.22268  0  0.758904
0.92135  1.2133  0  0.753082
0.923762  1.20397  0  0.747292
0.926173  1.19469  0  0.741535
0.928585  1.18547  0  0.735811
0.930997  1.1763  0  0.73012
0.933409  1.16719  0  0.724462
0.935821  1.15813  0  0.718837
0.938233  1.14912  0  0.713245
0.940645  1.14016  0  0.707687
0.943057  1.13126  0  0.702162
0.945469  1.12241  0  0.69667
0.947881  1.11362  0  0.691211
0.950293  1.10488  0  0.685786
0.952704  1.09619  0  0.680395
0.955116  1.08756  0  0.675036
0.957528  1.07898  0  0.669711
0.95994  1.07045  0  0.66442
0.962352  1.06198  0  0.659162
0.964764  1.05357  0  0.653937
0.967176  1.0452  0  0.648746
0.969588  1.03689  0  0.643588
0.972  1.02864  0  0.638463
0.974412  1.02043  0  0.633372
0.976824  1.01228  0  0.628314
0.979235  1.00419  0  0.623289
0.981647  0.996146  0  0.618297
0.984059  0.988157  0  0.613339
0.986471  0.980221  0  0.608413
0.988883  0.972339  0  0.603521
0.991295  0.96451  0  0.598661
0.993707  0.956734  0  0.593835
0.996119  0.949011  0  0.589041
0.998531  0.94134  0  0.58428
1.00094  0.933722  0  0.579552
1.00335  0.926157  0  0.574856
1.00577  0.918644  0  0.570193
1.00818  0.911184  0  0.565562
1.01059  0.903775  0  0.560964
1.013  0.896419  0  0.556398
1.01541  0.889114  0  0.551864
1.01783  0.881861  0  0.547362
1.02024  0.874659  0  0.542892
1.02265  0.867509  0  0.538454
1.02506  0.86041  0  0.534047
1.02747  0.853361  0  0.529673
1.02989  0.846364  0  0.525329
1.0323  0.839417  0  0.521018
1.03471  0.832521  0  0.516737
1.03712  0.825675  0  0.512488
1.03953  0.818879  0  0.50827
1.04195  0.812133  0  0.504082
1.04436  0.805436  0  0.499926
1.04677  0.798789  0  0.4958
1.04918  0.792191  0  0.491705
1.05159  0.785642  0  0.48764
1.054  0.779142  0  0.483605
1.05642  0.77269  0  0.479601
1.05883  0.766287  0  0.475627
1.06124  0.759932  0  0.471682
1.06365  0.753625  0  0.467767
1.06606  0.747366  0  0.463882
1.06848  0.741154  0  0.460027
1.07089  0.734989  0  0.4562
1.0733  0.728871  0  0.452403
1.07571  0.722801  0  0.448635
1.07812  0.716776  0  0.444896
1.08054  0.710798  0  0.441185
1.08295  0.704866  0  0.437503
1.08536  0.69898  0  0.43385
1.08777  0.693139  0  0.430224
1.09018  0.687344  0  0.426627
1.0926  0.681594  0  0.423058
1.09501  0.675888  0  0.419517
1.09742  0.670227  0  0.416003
1.09983  0.664611  0  0.412517
1.10224  0.659039  0  0.409058
1.10465  0.65351  0  0.405627
1.10707  0.648025  0  0.402222
1.10948  0.642583  0  0.398845
1.11189  0.637185  0  0.395494
1.1143  0.631829  0  0.39217
1.11671  0.626516  0  0.388872
1.11913  0.621245  0  0.3856
1.12154  0.616016  0  0.382355
1.12395  0.610829  0  0.379136
1.12636  0.605684  0  0.375942
1.12877  0.60058  0  0.372774
1.13119  0.595517  0  0.369631
1.1336  0.590495  0  0.366514
1.13601  0.585513  0  0.363422
1.13842  0.580571  0  0.360355
1.14083  0.57567  0  0.357312
1.14325  0.570808  0  0.354295
1.14566  0.565986  0  0.351301
1.14807  0.561202  0  0.348333
1.15048  0.556458  0  0.345388
1.15289  0.551753  0  0.342467
1.1553  0.547086  0  0.339571
1.15772  0.542457  0  0.336698
1.16013  0.537867  0  0.333848
1.16254  0.533313  0  0.331022
1.16495  0.528798  0  0.328219
1.16736  0.524319  0  0.32544
1.16978  0.519878  0  0.322683
1.17219  0.515473  0  0.319949
1.1746  0.511104  0  0.317237
1.17701  0.506772  0  0.314548
1.17942  0.502476  0  0.311881
1.18184  0.498215  0  0.309237
1.18425  0.49399  0  0.306614
1.18666  0.489799  0  0.304013
1.18907  0.485644  0  0.301434
1.19148  0.481523  0  0.298877
1.1939  0.477437  0  0.29634
1.19631  0.473385  0  0.293825
1.19872  0.469367  0  0.291331
1.20113  0.465382  0  0.288858
1.20354  0.461431  0  0.286406
1.20596  0.457513  0  0.283974
1.20837  0.453628  0  0.281562
1.21078  0.449776  0  0.279171
1.21319  0.445956  0  0.2768
1.2156  0.442169  0  0.274449
1.21801  0.438413  0  0.272118
1.22043  0.434689  0  0.269807
1.22284  0.430996  0  0.267515
1.22525  0.427335  0  0.265242
1.22766  0.423705  0  0.262989
1.23007  0.420105  0  0.260755
1.23249  0.416536  0  0.25854
1.2349  0.412998  0  0.256343
1.23731  0.409489  0  0.254166
1.23972  0.406011  0  0.252007
1.24213  0.402561  0  0.249866
1.24455  0.399142  0  0.247743
1.24696  0.395751  0  0.245639
1.24937  0.39239  0  0.243552
1.25178  0.389057  0  0.241483
1.25419  0.385752  0  0.239432
1.25661  0.382476  0  0.237399
1.25902  0.379228  0  0.235383
1.26143  0.376007  0  0.233384
1.26384  0.372815  0  0.231402
1.26625  0.369649  0  0.229438
1.26866  0.366511  0  0.22749
1.27108  0.3634  0  0.225559
1.27349  0.360315  0  0.223644
1.2759  0.357257  0  0.221746
1.27831  0.354226  0  0.219864
1.28072  0.35122  0  0.217999
1.28314  0.348241  0  0.216149
1.28555  0.345287  0  0.214316
1.28796  0.342358  0  0.212498
1.29037  0.339455  0  0.210696
1.29278  0.336576  0  0.20891
1.2952  0.333723  0  0.207138
1.29761  0.330894  0  0.205383
1.30002  0.32809  0  0.203642
1.30243  0.32531  0  0.201917
1.30484  0.322554  0  0.200206
1.30726  0.319822  0  0.19851
1.30967  0.317114  0  0.196829
1.31208  0.314429  0  0.195163
1.31449  0.311767  0  0.193511
1.3169  0.309128  0  0.191873
1.31931  0.306513  0  0.190249
1.32173  0.30392  0  0.18864
1.32414  0.301349  0  0.187044
1.32655  0.298801  0  0.185463
1.32896  0.296275  0  0.183895
1.33137  0.293771  0  0.182341
1.33379  0.291289  0  0.1808
1.3362  0.288828  0  0.179273
1.33861  0.286389  0  0.177758
1.34102  0.283971  0  0.176258
1.34343  0.281574  0  0.17477
1.34585  0.279197  0  0.173295
1.34826  0.276842  0  0.171833
1.35067  0.274507  0  0.170384
1.35308  0.272193  0  0.168947
1.35549  0.269898  0  0.167523
1.35791  0.267624  0  0.166111
1.36032  0.265369  0  0.164712
1.36273  0.263135  0  0.163325
1.36514  0.260919  0  0.16195
1.36755  0.258723  0  0.160587
1.36996  0.256547  0  0.159236
1.37238  0.254389  0  0.157896
1.37479  0.25225  0  0.156569
1.3772  0.25013  0  0.155253
1.37961  0.248028  0  0.153948
1.38202  0.245945  0  0.152655
1.38444  0.243879  0  0.151373
1.38685  0.241832  0  0.150103
1.38926  0.239803  0  0.148843
1.39167  0.237792  0  0.147595
1.39408  0.235798  0  0.146357
1.3965  0.233822  0  0.145131
1.39891  0.231863  0  0.143915
1.40132  0.229921  0  0.142709
1.40373  0.227996  0  0.141515
1.40614  0.226088  0  0.14033
1.40856  0.224196  0  0.139156
1.41097  0.222321  0  0.137993
1.41338  0.220463  0  0.136839
1.41579  0.218621  0  0.135696
1.4182  0.216795  0  0.134562
1.42061  0.214985  0  0.133439
1.42303  0.213191  0  0.132325
1.42544  0.211412  0  0.131222
1.42785  0.20965  0  0.130127
1.43026  0.207902  0  0.129043
1.43267  0.20617  0  0.127968
1.43509  0.204453  0  0.126902
1.4375  0.202751  0  0.125846
1.43991  0.201064  0  0.124799
1.44232  0.199392  0  0.123761
1.44473  0.197735  0  0.122732
1.44715  0.196092  0  0.121712
1.44956  0.194463  0  0.120701
1.45197  0.192849  0  0.119699
1.45438  0.191249  0  0.118706
1.45679  0.189663  0  0.117722
1.45921  0.18809  0  0.116746
1.46162  0.186532  0  0.115778
1.46403  0.184987  0  0.11482
1.46644  0.183456  0  0.113869
1.46885  0.181938  0  0.112927
1.47127  0.180433  0  0.111993
1.47368  0.178942  0  0.111068
1.47609  0.177464  0  0.11015
1.4785  0.175998  0  0.10924
1.48091  0.174546  0  0.108339
1.48332  0.173106  0  0.107445
1.48574  0.171679  0  0.106559
1.48815  0.170264  0  0.105681
1.49056  0.168862  0  0.104811
1.49297  0.167472  0  0.103948
1.49538  0.166094  0  0.103093
1.4978  0.164728  0  0.102245
1.50021  0.163375  0  0.101405
1.50262  0.162033  0  0.100572
1.50503  0.160702  0  0.0997463
1.50744  0.159384  0  0.0989279
1.50986  0.158077  0  0.0981166
1.51227  0.156781  0  0.0973125
1.51468  0.155497  0  0.0965153
1.51709  0.154224  0  0.0957252
1.5195  0.152962  0  0.0949419
1.52192  0.151711  0  0.0941655
1.52433  0.150471  0  0.0933959
1.52674  0.149242  0  0.092633
1.52915  0.148024  0  0.0918768
1.53156  0.146816  0  0.0911272
1.53397  0.145619  0  0.0903842
1.53639  0.144432  0  0.0896476
1.5388  0.143256  0  0.0889175
1.54121  0.14209  0  0.0881938
1.54362  0.140934  0  0.0874763
1.54603  0.139788  0  0.0867652
1.54845  0.138653  0  0.0860602
1.55086  0.137527  0  0.0853614
1.55327  0.136411  0  0.0846688
1.55568  0.135304  0  0.0839821
1.55809  0.134208  0  0.0833014
1.56051  0.133121  0  0.0826267
1.56292  0.132043  0  0.0819579
1.56533  0.130975  0  0.0812949
1.56774  0.129916  0  0.0806376
1.57015  0.128867  0  0.0799861
1.57257  0.127826  0  0.0793403
1.57498  0.126795  0  0.0787001
1.57739  0.125772  0  0.0780655
1.5798  0.124759  0  0.0774364
1.58221  0.123754  0  0.0768128
1.58462  0.122758  0  0.0761946
1.58704  0.121771  0  0.0755818
1.58945  0.120792  0  0.0749743
1.59186  0.119822  0  0.0743721
1.59427  0.11886  0  0.0737752
1.59668  0.117907  0  0.0731834
1.5991  0.116962  0  0.0725968
1.60151  0.116025  0  0.0720153
1.60392  0.115096  0  0.0714388
1.60633  0.114175  0  0.0708673
1.60874  0.113262  0  0.0703008
1.61116  0.112358  0  0.0697393
1.61357  0.111461  0  0.0691826
1.61598  0.110572  0  0.0686307
1.61839  0.10969  0  0.0680836
1.6208  0.108816  0  0.0675412
1.62322  0.10795  0  0.0670036
1.62563  0.107092  0  0.0664706
1.62804  0.10624  0  0.0659423
1.63045  0.105396  0  0.0654185
1.63286  0.10456  0  0.0648992
1.63527  0.103731  0  0.0643845
1.63769  0.102908  0  0.0638742
1.6401  0.102093  0  0.0633683
1.64251  0.101285  0  0.0628668
1.64492  0.100484  0  0.0623696
1.64733  0.0996903  0  0.0618767
1.64975  0.0989031  0  0.0613881
1.65216  0.0981227  0  0.0609037
1.65457  0.097349  0  0.0604235
1.65698  0.0965821  0  0.0599475
1.65939  0.0958217  0  0.0594755
1.66181  0.0950679  0  0.0590077
1.66422  0.0943206  0  0.0585438
1.66663  0.0935798  0  0.058084
1.66904  0.0928453  0  0.0576281
1.67145  0.0921172  0  0.0571762
1.67387  0.0913953  0  0.0567281
1.67628  0.0906797  0  0.0562839
1.67869  0.0899702  0  0.0558436
1.6811  0.0892668  0  0.055407
1.68351  0.0885695  0  0.0549742
1.68593  0.0878782  0  0.0545451
1.68834  0.0871928  0  0.0541197
1.69075  0.0865133  0  0.0536979
1.69316  0.0858397  0  0.0532798
1.69557  0.0851719  0  0.0528653
1.69798  0.0845097  0  0.0524543
1.7004  0.0838533  0  0.0520469
1.70281  0.0832025  0  0.0516429
1.70522  0.0825573  0  0.0512425
1.70763  0.0819176  0  0.0508454
1.71004  0.0812834  0  0.0504518
1.71246  0.0806547  0  0.0500615
1.71487  0.0800313  0  0.0496746
1.71728  0.0794133  0  0.049291
1.71969  0.0788005  0  0.0489107
1.7221  0.078193  0  0.0485336
1.72452  0.0775907  0  0.0481598
1.72693  0.0769936  0  0.0477891
1.72934  0.0764015  0  0.0474216
1.73175  0.0758146  0  0.0470573
1.73416  0.0752326  0  0.0466961
1.73658  0.0746556  0  0.046338
1.73899  0.0740835  0  0.0459829
1.7414  0.0735163  0  0.0456308
1.74381  0.072954  0  0.0452818
1.74622  0.0723964  0  0.0449357
1.74863  0.0718436  0  0.0445926
1.75105  0.0712955  0  0.0442524
1.75346  0.0707521  0  0.0439151
1.75587  0.0702133  0  0.0435807
1.75828  0.0696791  0  0.0432491
1.76069  0.0691495  0  0.0429203
1.76311  0.0686243  0  0.0425944
1.76552  0.0681036  0  0.0422712
1.76793  0.0675873  0  0.0419508
1.77034  0.0670754  0  0.041633
1.77275  0.0665679  0  0.041318
1.77517  0.0660647  0  0.0410057
1.77758  0.0655657  0  0.040696
1.77999  0.065071  0  0.0403889
1.7824  0.0645805  0  0.0400844
1.78481  0.0640941  0  0.0397825
1.78723  0.0636118  0  0.0394832
1.78964  0.0631337  0  0.0391864
1.79205  0.0626596  0  0.0388921
1.79446  0.0621895  0  0.0386004
1.79687  0.0617233  0  0.038311
1.79928  0.0612611  0  0.0380242
1.8017  0.0608028  0  0.0377397
1.80411  0.0603484  0  0.0374577
1.80652  0.0598979  0  0.037178
1.80893  0.0594511  0  0.0369007
1.81134  0.0590081  0  0.0366257
1.81376  0.0585688  0  0.0363531
1.81617  0.0581333  0  0.0360827
1.81858  0.0577014  0  0.0358146
1.82099  0.0572731  0  0.0355488
1.8234  0.0568485  0  0.0352853
1.82582  0.0564274  0  0.0350239
1.82823  0.0560099  0  0.0347648
1.83064  0.0555959  0  0.0345078
1.83305  0.0551853  0  0.034253
1.83546  0.0547783  0  0.0340003
1.83788  0.0543746  0  0.0337497
1.84029  0.0539743  0  0.0335013
1.8427  0.0535774  0  0.0332549
1.84511  0.0531838  0  0.0330106
1.84752  0.0527935  0  0.0327684
1.84993  0.0524065  0  0.0325282
1.85235  0.0520227  0  0.03229
1.85476  0.0516422  0  0.0320538
1.85717  0.0512648  0  0.0318195
1.85958  0.0508906  0  0.0315873
1.86199  0.0505195  0  0.0313569
1.86441  0.0501515  0  0.0311285
1.86682  0.0497866  0  0.030902
1.86923  0.0494248  0  0.0306774
1.87164  0.0490659  0  0.0304547
1.87405  0.0487101  0  0.0302338
1.87647  0.0483572  0  0.0300148
1.87888  0.0480073  0  0.0297976
1.88129  0.0476603  0  0.0295822
1.8837  0.0473161  0  0.0293686
1.88611  0.0469749  0  0.0291568
1.88853  0.0466365  0  0.0289468
1.89094  0.0463009  0  0.0287385
1.89335  0.0459681  0  0.0285319
1.89576  0.045638  0  0.0283271
1.89817  0.0453107  0  0.0281239
1.90059  0.0449862  0  0.0279224
1.903  0.0446643  0  0.0277227
1.90541  0.0443451  0  0.0275245
1.90782  0.0440285  0  0.027328
1.91023  0.0437146  0  0.0271332
1.91264  0.0434032  0  0.0269399
1.91506  0.0430945  0  0.0267483
1.91747  0.0427883  0  0.0265582
1.91988  0.0424846  0  0.0263698
1.92229  0.0421834  0  0.0261828
1.9247  0.0418848  0  0.0259975
1.92712  0.0415886  0  0.0258136
1.92953  0.0412948  0  0.0256313
1.93194  0.0410035  0  0.0254505
1.93435  0.0407146  0  0.0252711
1.93676  0.0404281  0  0.0250933
1.93918  0.0401439  0  0.0249169
1.94159  0.0398621  0  0.024742
1.944  0.0395826  0  0.0245685
1.94641  0.0393054  0  0.0243964
1.94882  0.0390305  0  0.0242258
1.95124  0.0387578  0  0.0240566
1.95365  0.0384874  0  0.0238887
1.95606  0.0382192  0  0.0237223
1.95847  0.0379532  0  0.0235572
1.96088  0.0376894  0  0.0233934
1.96329  0.0374278  0  0.023231
1.96571  0.0371683  0  0.02307
1.96812  0.0369109  0  0.0229102
1.97053  0.0366557  0  0.0227518
1.97294  0.0364025  0  0.0225947
1.97535  0.0361515  0  0.0224388
1.97777  0.0359024  0  0.0222843
1.98018  0.0356554  0  0.022131
1.98259  0.0354105  0  0.0219789
1.985  0.0351675  0  0.0218281
1.98741  0.0349265  0  0.0216785
1.98983  0.0346875  0  0.0215302
1.99224  0.0344505  0  0.0213831
1.99465  0.0342154  0  0.0212371
1.99706  0.0339822  0  0.0210924
1.99947  0.0337509  0  0.0209488
2.00189  0.0335214  0  0.0208064
2.0043  0.0332939  0  0.0206652
2.00671  0.0330682  0  0.0205251
2.00912  0.0328444  0  0.0203862
2.01153  0.0326223  0  0.0202483
2.01394  0.0324021  0  0.0201117
2.01636  0.0321837  0  0.0199761
2.01877  0.031967  0  0.0198416
2.02118  0.0317521  0  0.0197082
2.02359  0.031539  0  0.0195759
2.026  0.0313275  0  0.0194447
2.02842  0.0311178  0  0.0193145
2.03083  0.0309098  0  0.0191854
2.03324  0.0307035  0  0.0190573
2.03565  0.0304988  0  0.0189303
2.03806  0.0302959  0  0.0188043
2.04048  0.0300945  0  0.0186793
2.04289  0.0298948  0  0.0185554
2.0453  0.0296967  0  0.0184324
2.04771  0.0295002  0  0.0183105
2.05012  0.0293053  0  0.0181895
2.05254  0.0291119  0  0.0180695
2.05495  0.0289201  0  0.0179504
2.05736  0.0287299  0  0.0178324
2.05977  0.0285412  0  0.0177152
2.06218  0.028354  0  0.0175991
2.06459  0.0281684  0  0.0174838
2.06701  0.0279842  0  0.0173695
2.06942  0.0278015  0  0.0172561
2.07183  0.0276203  0  0.0171436
2.07424  0.0274405  0  0.017032
2.07665  0.0272622  0  0.0169214
2.07907  0.0270853  0  0.0168116
2.08148  0.0269099  0  0.0167027
2.08389  0.0267358  0  0.0165946
2.0863  0.0265632  0  0.0164875
2.08871  0.0263919  0  0.0163812
2.09113  0.026222  0  0.0162757
2.09354  0.0260535  0  0.0161711
2.09595  0.0258863  0  0.0160673
2.09836  0.0257204  0  0.0159644
2.10077  0.0255559  0  0.0158623
2.10319  0.0253927  0  0.015761
2.1056  0.0252308  0  0.0156605
2.10801  0.0250702  0  0.0155608
2.11042  0.0249109  0  0.0154619
2.11283  0.0247529  0  0.0153639
2.11525  0.0245961  0  0.0152665
2.11766  0.0244406  0  0.01517
2.12007  0.0242863  0  0.0150742
2.12248  0.0241332  0  0.0149792
2.12489  0.0239814  0  0.014885
2.1273  0.0238308  0  0.0147915
2.12972  0.0236813  0  0.0146988
2.13213  0.0235331  0  0.0146068
2.13454  0.0233861  0  0.0145155
2.13695  0.0232402  0  0.0144249
2.13936  0.0230954  0  0.0143351
2.14178  0.0229519  0  0.014246
2.14419  0.0228094  0  0.0141576
2.1466  0.0226681  0  0.0140699
2.14901  0.022528  0  0.0139829
2.15142  0.0223889  0  0.0138966
2.15384  0.0222509  0  0.0138109
2.15625  0.0221141  0  0.013726
2.15866  0.0219783  0  0.0136417
2.16107  0.0218436  0  0.0135581
2.16348  0.0217099  0  0.0134751
2.1659  0.0215774  0  0.0133929
2.16831  0.0214458  0  0.0133112
2.17072  0.0213154  0  0.0132302
2.17313  0.0211859  0  0.0131499
2.17554  0.0210575  0  0.0130702
2.17795  0.02093  0  0.0129911
2.18037  0.0208036  0  0.0129126
2.18278  0.0206782  0  0.0128348
2.18519  0.0205538  0  0.0127575
2.1876  0.0204304  0  0.0126809
2.19001  0.0203079  0  0.0126049
2.19243  0.0201864  0  0.0125295
2.19484  0.0200659  0  0.0124547
2.19725  0.0199463  0  0.0123804
2.19966  0.0198276  0  0.0123068
2.20207  0.0197099  0  0.0122337
2.20449  0.0195931  0  0.0121613
2.2069  0.0194773  0  0.0120893
2.20931  0.0193623  0  0.012018
2.21172  0.0192483  0  0.0119472
2.21413  0.0191351  0  0.011877
2.21655  0.0190228  0  0.0118073
2.21896  0.0189115  0  0.0117381
2.22137  0.0188009  0  0.0116696
2.22378  0.0186913  0  0.0116015
2.22619  0.0185825  0  0.011534
2.2286  0.0184746  0  0.011467
2.23102  0.0183675  0  0.0114005
2.23343  0.0182613  0  0.0113346
2.23584  0.0181559  0  0.0112692
2.23825  0.0180513  0  0.0112043
2.24066  0.0179476  0  0.0111399
2.24308  0.0178446  0  0.011076
2.24549  0.0177425  0  0.0110126
2.2479  0.0176411  0  0.0109497
2.25031  0.0175406  0  0.0108873
2.25272  0.0174408  0  0.0108253
2.25514  0.0173418  0  0.0107639
2.25755  0.0172436  0  0.0107029
2.25996  0.0171462  0  0.0106425
2.26237  0.0170495  0  0.0105825
2.26478  0.0169536  0  0.0105229
2.2672  0.0168584  0  0.0104639
2.26961  0.016764  0  0.0104052
2.27202  0.0166703  0  0.0103471
2.27443  0.0165774  0  0.0102894
2.27684  0.0164851  0  0.0102322
2.27925  0.0163936  0  0.0101754
2.28167  0.0163028  0  0.010119
2.28408  0.0162127  0  0.0100631
2.28649  0.0161233  0  0.0100076
2.2889  0.0160347  0  0.00995255
2.29131  0.0159467  0  0.00989793
2.29373  0.0158593  0  0.00984373
2.29614  0.0157727  0  0.00978996
2.29855  0.0156868  0  0.00973661
2.30096  0.0156015  0  0.00968367
2.30337  0.0155168  0  0.00963114
2.30579  0.0154329  0  0.00957903
2.3082  0.0153496  0  0.00952732
2.31061  0.0152669  0  0.00947601
2.31302  0.0151849  0  0.0094251
2.31543  0.0151035  0  0.00937459
2.31785  0.0150228  0  0.00932447
2.32026  0.0149426  0  0.00927474
2.32267  0.0148631  0  0.0092254
2.32508  0.0147843  0  0.00917644
2.32749  0.014706  0  0.00912786
2.32991  0.0146283  0  0.00907966
2.33232  0.0145513  0  0.00903183
2.33473  0.0144748  0  0.00898438
2.33714  0.014399  0  0.00893729
2.33955  0.0143237  0  0.00889057
2.34196  0.014249  0  0.00884422
2.34438  0.0141749  0  0.00879822
2.34679  0.0141014  0  0.00875258
2.3492  0.0140284  0  0.0087073
2.35161  0.013956  0  0.00866237
2.35402  0.0138842  0  0.00861778
2.35644  0.0138129  0  0.00857355
2.35885  0.0137422  0  0.00852965
2.36126  0.0136721  0  0.0084861
2.36367  0.0136024  0  0.00844289
2.36608  0.0135333  0  0.00840001
2.3685  0.0134648  0  0.00835747
2.37091  0.0133968  0  0.00831525
2.37332  0.0133293  0  0.00827336
2.37573  0.0132623  0  0.0082318
2.37814  0.0131959  0  0.00819056
2.38056  0.01313  0  0.00814965
2.38297  0.0130646  0  0.00810905
2.38538  0.0129997  0  0.00806876
2.38779  0.0129353  0  0.00802879
2.3902  0.0128714  0  0.00798913
2.39261  0.012808  0  0.00794977
2.39503  0.0127451  0  0.00791073
2.39744  0.0126826  0  0.00787198
2.39985  0.0126207  0  0.00783354
2.40226  0.0125593  0  0.0077954
2.40467  0.0124983  0  0.00775755
2.40709  0.0124378  0  0.00772
2.4095  0.0123777  0  0.00768274
2.41191  0.0123182  0  0.00764577
