0 -17884.8 0 -28.9922
0.00241191 -11872.5 0.431006 -27.8388
0.00482382 -5860.23 0.858188 -26.5803
0.00723573 -3856.28 1.27864 -25.3801
0.00964764 -2854.68 1.69028 -24.2362
0.0120596 -2254.16 2.09166 -23.1463
0.0144715 -1854.28 2.48188 -22.1082
0.0168834 -1569.09 2.86044 -21.1196
0.0192953 -1355.61 3.22712 -20.1784
0.0217072 -1189.96 3.58198 -19.2827
0.0241191 -1057.78 3.92524 -18.4306
0.026531 -949.945 4.25725 -17.6204
0.0289429 -860.36 4.57846 -16.8503
0.0313548 -784.806 4.88938 -16.1189
0.0337667 -720.268 5.19054 -15.4246
0.0361787 -664.532 5.4825 -14.7662
0.0385906 -615.938 5.76583 -14.1424
0.0410025 -573.219 6.04107 -13.5519
0.0434144 -535.387 6.30876 -12.9936
0.0458263 -501.664 6.56941 -12.4664
0.0482382 -471.425 6.82351 -11.9695
0.0506501 -444.17 7.07151 -11.5017
0.053062 -419.484 7.31384 -11.0622
0.0554739 -397.03 7.55088 -10.65
0.0578858 -376.523 7.783 -10.2643
0.0602978 -357.729 8.01052 -9.90419
0.0627097 -340.445 8.23375 -9.56872
0.0651216 -324.502 8.45297 -9.25698
0.0675335 -309.755 8.6684 -8.96803
0.0699454 -296.077 8.88028 -8.70087
0.0723573 -283.361 9.0888 -8.45447
0.0747692 -271.511 9.29413 -8.22777
0.0771811 -260.446 9.49643 -8.01967
0.079593 -250.092 9.69584 -7.82902
0.0820049 -240.387 9.89247 -7.65468
0.0844169 -231.272 10.0864 -7.49546
0.0868288 -222.699 10.2778 -7.35019
0.0892407 -214.622 10.4667 -7.21771
0.0916526 -207.002 10.6532 -7.09687
0.0940645 -199.802 10.8373 -6.98656
0.0964764 -192.989 11.0191 -6.88572
0.0988883 -186.536 11.1986 -6.79334
0.1013 -180.415 11.3758 -6.70847
0.103712 -174.603 11.5509 -6.63023
0.106124 -169.078 11.7238 -6.5578
0.108536 -163.82 11.8945 -6.49043
0.110948 -158.811 12.0631 -6.42745
0.11336 -154.035 12.2296 -6.36824
0.115772 -149.477 12.394 -6.31226
0.118184 -145.124 12.5563 -6.25902
0.120596 -140.962 12.7164 -6.20808
0.123007 -136.979 12.8746 -6.15908
0.125419 -133.167 13.0306 -6.11166
0.127831 -129.513 13.1846 -6.06555
0.130243 -126.011 13.3366 -6.0205
0.132655 -122.65 13.4865 -5.97629
0.135067 -119.423 13.6344 -5.93273
0.137479 -116.323 13.7803 -5.88967
0.139891 -113.343 13.9241 -5.84698
0.142303 -110.477 14.066 -5.80454
0.144715 -107.719 14.2059 -5.76226
0.147127 -105.064 14.3438 -5.72006
0.149538 -102.506 14.4797 -5.67789
0.15195 -100.041 14.6136 -5.63569
0.154362 -97.6642 14.7457 -5.59342
0.156774 -95.3714 14.8757 -5.55106
0.159186 -93.1587 15.0039 -5.50858
0.161598 -91.0224 15.1302 -5.46596
0.16401 -88.959 15.2546 -5.42321
0.166422 -86.9652 15.3771 -5.3803
0.168834 -85.038 15.4978 -5.33724
0.171246 -83.1744 15.6166 -5.29404
0.173658 -81.3716 15.7337 -5.2507
0.176069 -79.627 15.8489 -5.20722
0.178481 -77.9383 15.9624 -5.16363
0.180893 -76.3029 16.0741 -5.11992
0.183305 -74.7187 16.1842 -5.07612
0.185717 -73.1837 16.2925 -5.03223
0.188129 -71.6957 16.3991 -4.98827
0.190541 -70.253 16.5041 -4.94426
0.192953 -68.8536 16.6074 -4.90021
0.195365 -67.4959 16.7091 -4.85613
0.197777 -66.1783 16.8093 -4.81205
0.200189 -64.8991 16.9078 -4.76798
0.2026 -63.657 17.0049 -4.72393
0.205012 -62.4505 17.1004 -4.67992
0.207424 -61.2782 17.1945 -4.63597
0.209836 -60.1389 17.2871 -4.59209
0.212248 -59.0313 17.3782 -4.54829
0.21466 -57.9543 17.4679 -4.50459
0.217072 -56.9067 17.5563 -4.461
0.219484 -55.8876 17.6433 -4.41754
0.221896 -54.8957 17.729 -4.37422
0.224308 -53.9303 17.8133 -4.33105
0.22672 -52.9903 17.8964 -4.28805
0.229131 -52.0749 17.9782 -4.24522
0.231543 -51.1831 18.0588 -4.20258
0.233955 -50.3142 18.1382 -4.16014
0.236367 -49.4674 18.2164 -4.11791
0.238779 -48.6419 18.2935 -4.07589
0.241191 -47.837 18.3694 -4.03411
0.243603 -47.052 18.4442 -3.99256
0.246015 -46.2862 18.5179 -3.95126
0.248427 -45.539 18.5905 -3.91021
0.250839 -44.8099 18.6622 -3.86943
0.253251 -44.0981 18.7328 -3.82892
0.255662 -43.4031 18.8024 -3.78869
0.258074 -42.7244 18.871 -3.74874
0.260486 -42.0614 18.9387 -3.70909
0.262898 -41.4138 19.0055 -3.66973
0.26531 -40.7808 19.0713 -3.63068
0.267722 -40.1622 19.1363 -3.59195
0.270134 -39.5575 19.2004 -3.55352
0.272546 -38.9662 19.2637 -3.51543
0.274958 -38.3879 19.3262 -3.47765
0.27737 -37.8222 19.3878 -3.44021
0.279782 -37.2688 19.4487 -3.40311
0.282193 -36.7272 19.5088 -3.36635
0.284605 -36.1972 19.5682 -3.32994
0.287017 -35.6783 19.6268 -3.29387
0.289429 -35.1703 19.6848 -3.25816
0.291841 -34.6728 19.742 -3.2228
0.294253 -34.1855 19.7986 -3.18781
0.296665 -33.7082 19.8545 -3.15318
0.299077 -33.2405 19.9098 -3.11891
0.301489 -32.7822 19.9644 -3.08502
0.303901 -32.333 20.0185 -3.0515
0.306313 -31.8926 20.0719 -3.01835
0.308724 -31.4609 20.1248 -2.98558
0.311136 -31.0375 20.1771 -2.95319
0.313548 -30.6223 20.2289 -2.92119
0.31596 -30.215 20.2801 -2.88957
0.318372 -29.8154 20.3308 -2.85834
0.320784 -29.4233 20.381 -2.82749
0.323196 -29.0385 20.4307 -2.79704
0.325608 -28.6609 20.4799 -2.76698
0.32802 -28.2902 20.5287 -2.73732
0.330432 -27.9262 20.577 -2.70805
0.332844 -27.5688 20.6249 -2.67917
0.335255 -27.2179 20.6723 -2.6507
0.337667 -26.8732 20.7193 -2.62263
0.340079 -26.5346 20.7659 -2.59495
0.342491 -26.202 20.8121 -2.56768
0.344903 -25.8752 20.8578 -2.54081
0.347315 -25.554 20.9033 -2.51435
0.349727 -25.2384 20.9483 -2.48829
0.352139 -24.9282 20.993 -2.46263
0.354551 -24.6232 21.0373 -2.43738
0.356963 -24.3235 21.0813 -2.41254
0.359375 -24.0287 21.1249 -2.38811
0.361787 -23.7389 21.1682 -2.36408
0.364198 -23.4538 21.2112 -2.34045
0.36661 -23.1735 21.2539 -2.31724
0.369022 -22.8978 21.2963 -2.29443
0.371434 -22.6265 21.3383 -2.27202
0.373846 -22.3597 21.3801 -2.25003
0.376258 -22.0972 21.4216 -2.22843
0.37867 -21.8388 21.4628 -2.20725
0.381082 -21.5846 21.5038 -2.18646
0.383494 -21.3344 21.5445 -2.16608
0.385906 -21.0881 21.5849 -2.1461
0.388318 -20.8458 21.6251 -2.12652
0.390729 -20.6072 21.665 -2.10734
0.393141 -20.3723 21.7047 -2.08856
0.395553 -20.141 21.7441 -2.07017
0.397965 -19.9133 21.7834 -2.05217
0.400377 -19.6891 21.8224 -2.03457
0.402789 -19.4683 21.8611 -2.01736
0.405201 -19.2508 21.8997 -2.00053
0.407613 -19.0366 21.938 -1.98408
0.410025 -18.8257 21.9761 -1.96802
0.412437 -18.6179 22.014 -1.95233
0.414849 -18.4132 22.0518 -1.93702
0.41726 -18.2115 22.0893 -1.92208
0.419672 -18.0128 22.1266 -1.90751
0.422084 -17.817 22.1637 -1.8933
0.424496 -17.6241 22.2007 -1.87945
0.426908 -17.434 22.2374 -1.86595
0.42932 -17.2467 22.274 -1.85281
0.431732 -17.062 22.3104 -1.84001
0.434144 -16.88 22.3467 -1.82756
0.436556 -16.7007 22.3827 -1.81544
0.438968 -16.5238 22.4186 -1.80365
0.44138 -16.3495 22.4543 -1.79219
0.443791 -16.1777 22.4899 -1.78105
0.446203 -16.0083 22.5253 -1.77022
0.448615 -15.8412 22.5605 -1.75971
0.451027 -15.6765 22.5955 -1.7495
0.453439 -15.514 22.6305 -1.73959
0.455851 -15.3539 22.6652 -1.72997
0.458263 -15.1959 22.6998 -1.72063
0.460675 -15.04 22.7343 -1.71158
0.463087 -14.8864 22.7686 -1.7028
0.465499 -14.7347 22.8027 -1.69429
0.467911 -14.5852 22.8367 -1.68604
0.470322 -14.4376 22.8706 -1.67804
0.472734 -14.2921 22.9043 -1.67029
0.475146 -14.1484 22.9379 -1.66278
0.477558 -14.0067 22.9713 -1.65551
0.47997 -13.8669 23.0046 -1.64847
0.482382 -13.7288 23.0378 -1.64165
0.484794 -13.5926 23.0708 -1.63504
0.487206 -13.4582 23.1037 -1.62864
0.489618 -13.3255 23.1365 -1.62245
0.49203 -13.1945 23.1691 -1.61645
0.494442 -13.0652 23.2016 -1.61064
0.496853 -12.9375 23.2339 -1.60502
0.499265 -12.8115 23.2661 -1.59957
0.501677 -12.687 23.2982 -1.59429
0.504089 -12.5641 23.3302 -1.58918
0.506501 -12.4428 23.362 -1.58423
0.508913 -12.323 23.3937 -1.57943
0.511325 -12.2046 23.4253 -1.57478
0.513737 -12.0877 23.4567 -1.57027
0.516149 -11.9722 23.488 -1.5659
0.518561 -11.8582 23.5192 -1.56165
0.520973 -11.7455 23.5503 -1.55754
0.523384 -11.6342 23.5812 -1.55354
0.525796 -11.5242 23.612 -1.54965
0.528208 -11.4156 23.6427 -1.54588
0.53062 -11.3082 23.6732 -1.54221
0.533032 -11.2021 23.7037 -1.53865
0.535444 -11.0973 23.734 -1.53517
0.537856 -10.9937 23.7642 -1.53179
0.540268 -10.8913 23.7942 -1.5285
0.54268 -10.7901 23.8242 -1.52529
0.545092 -10.69 23.854 -1.52216
0.547504 -10.5912 23.8837 -1.5191
0.549915 -10.4934 23.9133 -1.51611
0.552327 -10.3968 23.9427 -1.51319
0.554739 -10.3012 23.972 -1.51033
0.557151 -10.2068 24.0013 -1.50753
0.559563 -10.1134 24.0303 -1.50479
0.561975 -10.021 24.0593 -1.5021
0.564387 -9.92973 24.0881 -1.49946
0.566799 -9.83943 24.1169 -1.49687
0.569211 -9.75013 24.1455 -1.49432
0.571623 -9.66182 24.1739 -1.49182
0.574035 -9.57448 24.2023 -1.48935
0.576446 -9.48809 24.2305 -1.48692
0.578858 -9.40264 24.2587 -1.48452
0.58127 -9.31812 24.2867 -1.48215
0.583682 -9.23451 24.3145 -1.47981
0.586094 -9.15181 24.3423 -1.4775
0.588506 -9.06999 24.3699 -1.47522
0.590918 -8.98905 24.3974 -1.47295
0.59333 -8.90897 24.4248 -1.47071
0.595742 -8.82973 24.4521 -1.46848
0.598154 -8.75134 24.4793 -1.46627
0.600566 -8.67378 24.5063 -1.46408
0.602978 -8.59703 24.5332 -1.4619
0.605389 -8.52108 24.56 -1.45973
0.607801 -8.44592 24.5867 -1.45758
0.610213 -8.37155 24.6133 -1.45543
0.612625 -8.29795 24.6397 -1.45329
0.615037 -8.22511 24.666 -1.45116
0.617449 -8.15303 24.6922 -1.44904
0.619861 -8.08168 24.7183 -1.44691
0.622273 -8.01106 24.7443 -1.4448
0.624685 -7.94117 24.7701 -1.44268
0.627097 -7.87199 24.7959 -1.44057
0.629509 -7.80351 24.8215 -1.43845
0.63192 -7.73572 24.847 -1.43634
0.634332 -7.66862 24.8723 -1.43423
0.636744 -7.6022 24.8976 -1.43211
0.639156 -7.53645 24.9227 -1.42999
0.641568 -7.47135 24.9477 -1.42787
0.64398 -7.40691 24.9726 -1.42574
0.646392 -7.34311 24.9974 -1.42361
0.648804 -7.27994 25.0221 -1.42148
0.651216 -7.2174 25.0466 -1.41934
0.653628 -7.15548 25.071 -1.41719
0.65604 -7.09418 25.0953 -1.41504
0.658451 -7.03348 25.1195 -1.41288
0.660863 -6.97337 25.1436 -1.41071
0.663275 -6.91386 25.1676 -1.40854
0.665687 -6.85493 25.1914 -1.40636
0.668099 -6.79658 25.2151 -1.40417
0.670511 -6.7388 25.2387 -1.40197
0.672923 -6.68158 25.2622 -1.39976
0.675335 -6.62491 25.2856 -1.39755
0.677747 -6.5688 25.3089 -1.39532
0.680159 -6.51323 25.332 -1.39309
0.682571 -6.45819 25.355 -1.39084
0.684982 -6.40369 25.3779 -1.38859
0.687394 -6.34972 25.4007 -1.38633
0.689806 -6.29626 25.4234 -1.38405
0.692218 -6.24331 25.446 -1.38177
0.69463 -6.19088 25.4684 -1.37948
0.697042 -6.13894 25.4907 -1.37717
0.699454 -6.0875 25.513 -1.37486
0.701866 -6.03655 25.5351 -1.37254
0.704278 -5.98609 25.5571 -1.3702
0.70669 -5.9361 25.5789 -1.36786
0.709102 -5.88659 25.6007 -1.36551
0.711513 -5.83755 25.6224 -1.36314
0.713925 -5.78897 25.6439 -1.36077
0.716337 -5.74085 25.6653 -1.35838
0.718749 -5.69319 25.6866 -1.35599
0.721161 -5.64597 25.7078 -1.35359
0.723573 -5.5992 25.7289 -1.35117
0.725985 -5.55287 25.7499 -1.34875
0.728397 -5.50697 25.7707 -1.34631
0.730809 -5.4615 25.7915 -1.34387
0.733221 -5.41646 25.8121 -1.34142
0.735633 -5.37183 25.8327 -1.33895
0.738044 -5.32763 25.8531 -1.33648
0.740456 -5.28383 25.8734 -1.334
0.742868 -5.24044 25.8936 -1.33151
0.74528 -5.19746 25.9137 -1.32901
0.747692 -5.15487 25.9336 -1.3265
0.750104 -5.11268 25.9535 -1.32398
0.752516 -5.07088 25.9733 -1.32146
0.754928 -5.02947 25.9929 -1.31892
0.75734 -4.98843 26.0125 -1.31638
0.759752 -4.94778 26.0319 -1.31383
0.762164 -4.9075 26.0512 -1.31127
0.764575 -4.86759 26.0704 -1.3087
0.766987 -4.82805 26.0896 -1.30613
0.769399 -4.78887 26.1086 -1.30354
0.771811 -4.75005 26.1275 -1.30095
0.774223 -4.71158 26.1462 -1.29835
0.776635 -4.67347 26.1649 -1.29575
0.779047 -4.6357 26.1835 -1.29313
0.781459 -4.59828 26.202 -1.29051
0.783871 -4.5612 26.2204 -1.28789
0.786283 -4.52445 26.2386 -1.28526
0.788695 -4.48805 26.2568 -1.28262
0.791106 -4.45197 26.2749 -1.27997
0.793518 -4.41622 26.2928 -1.27732
0.79593 -4.38079 26.3107 -1.27466
0.798342 -4.34568 26.3284 -1.272
0.800754 -4.31089 26.3461 -1.26933
0.803166 -4.27642 26.3636 -1.26665
0.805578 -4.24226 26.3811 -1.26397
0.80799 -4.2084 26.3984 -1.26128
0.810402 -4.17485 26.4156 -1.25859
0.812814 -4.1416 26.4328 -1.2559
0.815226 -4.10865 26.4498 -1.2532
0.817637 -4.07599 26.4668 -1.25049
0.820049 -4.04363 26.4836 -1.24778
0.822461 -4.01156 26.5004 -1.24507
0.824873 -3.97978 26.517 -1.24235
0.827285 -3.94827 26.5336 -1.23963
0.829697 -3.91705 26.55 -1.2369
0.832109 -3.88611 26.5664 -1.23417
0.834521 -3.85545 26.5826 -1.23144
0.836933 -3.82506 26.5988 -1.22871
0.839345 -3.79493 26.6148 -1.22597
0.841757 -3.76508 26.6308 -1.22322
0.844169 -3.73549 26.6467 -1.22048
0.84658 -3.70616 26.6625 -1.21773
0.848992 -3.67709 26.6781 -1.21498
0.851404 -3.64828 26.6937 -1.21223
0.853816 -3.61973 26.7092 -1.20947
0.856228 -3.59142 26.7246 -1.20671
0.85864 -3.56337 26.7399 -1.20395
0.861052 -3.53556 26.7552 -1.20119
0.863464 -3.508 26.7703 -1.19843
0.865876 -3.48068 26.7853 -1.19567
0.868288 -3.4536 26.8003 -1.1929
0.8707 -3.42676 26.8151 -1.19013
0.873111 -3.40016 26.8299 -1.18736
0.875523 -3.37378 26.8445 -1.18459
0.877935 -3.34764 26.8591 -1.18182
0.880347 -3.32173 26.8736 -1.17905
0.882759 -3.29604 26.888 -1.17628
0.885171 -3.27058 26.9023 -1.1735
0.887583 -3.24534 26.9166 -1.17073
0.889995 -3.22031 26.9307 -1.16796
0.892407 -3.19551 26.9447 -1.16518
0.894819 -3.17092 26.9587 -1.16241
0.897231 -3.14655 26.9726 -1.15964
0.899642 -3.12239 26.9864 -1.15686
0.902054 -3.09843 27.0001 -1.15409
0.904466 -3.07469 27.0137 -1.15132
0.906878 -3.05114 27.0272 -1.14854
0.90929 -3.02781 27.0407 -1.14577
0.911702 -3.00467 27.0541 -1.143
0.914114 -2.98173 27.0674 -1.14023
0.916526 -2.959 27.0806 -1.13746
0.918938 -2.93645 27.0937 -1.13469
0.92135 -2.9141 27.1067 -1.13192
0.923762 -2.89195 27.1197 -1.12916
0.926173 -2.86998 27.1325 -1.12639
0.928585 -2.8482 27.1453 -1.12363
0.930997 -2.82661 27.1581 -1.12087
0.933409 -2.8052 27.1707 -1.11811
0.935821 -2.78397 27.1832 -1.11535
0.938233 -2.76293 27.1957 -1.11259
0.940645 -2.74207 27.2081 -1.10984
0.943057 -2.72138 27.2204 -1.10709
0.945469 -2.70087 27.2327 -1.10433
0.947881 -2.68053 27.2448 -1.10159
0.950293 -2.66037 27.2569 -1.09884
0.952704 -2.64038 27.2689 -1.0961
0.955116 -2.62055 27.2809 -1.09335
0.957528 -2.6009 27.2927 -1.09062
0.95994 -2.58141 27.3045 -1.08788
0.962352 -2.56209 27.3162 -1.08515
0.964764 -2.54293 27.3278 -1.08242
0.967176 -2.52393 27.3394 -1.07969
0.969588 -2.50509 27.3509 -1.07696
0.972 -2.48641 27.3623 -1.07424
0.974412 -2.46789 27.3736 -1.07152
0.976824 -2.44952 27.3849 -1.06881
0.979235 -2.4313 27.3961 -1.06609
0.981647 -2.41324 27.4072 -1.06338
0.984059 -2.39533 27.4182 -1.06068
0.986471 -2.37757 27.4292 -1.05797
0.988883 -2.35996 27.4401 -1.05528
0.991295 -2.3425 27.451 -1.05258
0.993707 -2.32518 27.4617 -1.04989
0.996119 -2.308 27.4724 -1.0472
0.998531 -2.29097 27.483 -1.04451
1.00094 -2.27408 27.4936 -1.04183
1.00335 -2.25733 27.5041 -1.03916
1.00577 -2.24072 27.5145 -1.03648
1.00818 -2.22425 27.5249 -1.03381
1.01059 -2.20791 27.5352 -1.03115
1.013 -2.19171 27.5454 -1.02849
1.01541 -2.17564 27.5555 -1.02583
1.01783 -2.15971 27.5656 -1.02318
1.02024 -2.1439 27.5756 -1.02053
1.02265 -2.12823 27.5856 -1.01788
1.02506 -2.11268 27.5955 -1.01524
1.02747 -2.09727 27.6053 -1.01261
1.02989 -2.08198 27.6151 -1.00998
1.0323 -2.06681 27.6248 -1.00735
1.03471 -2.05177 27.6344 -1.00473
1.03712 -2.03685 27.644 -1.00211
1.03953 -2.02205 27.6535 -0.999499
1.04195 -2.00738 27.663 -0.99689
1.04436 -1.99282 27.6723 -0.994287
1.04677 -1.97839 27.6817 -0.991688
1.04918 -1.96407 27.6909 -0.989094
1.05159 -1.94986 27.7001 -0.986504
1.054 -1.93577 27.7093 -0.98392
1.05642 -1.9218 27.7184 -0.98134
1.05883 -1.90794 27.7274 -0.978765
1.06124 -1.89419 27.7364 -0.976196
1.06365 -1.88055 27.7453 -0.973631
1.06606 -1.86703 27.7541 -0.971071
1.06848 -1.85361 27.7629 -0.968517
1.07089 -1.8403 27.7716 -0.965967
1.0733 -1.8271 27.7803 -0.963423
1.07571 -1.814 27.7889 -0.960883
1.07812 -1.80101 27.7975 -0.958349
1.08054 -1.78812 27.806 -0.95582
1.08295 -1.77533 27.8144 -0.953297
1.08536 -1.76265 27.8228 -0.950779
1.08777 -1.75007 27.8312 -0.948266
1.09018 -1.73759 27.8394 -0.945758
1.0926 -1.72521 27.8477 -0.943256
1.09501 -1.71293 27.8558 -0.940759
1.09742 -1.70074 27.864 -0.938267
1.09983 -1.68866 27.872 -0.935781
1.10224 -1.67667 27.88 -0.9333
1.10465 -1.66477 27.888 -0.930825
1.10707 -1.65297 27.8959 -0.928356
1.10948 -1.64126 27.9037 -0.925891
1.11189 -1.62964 27.9115 -0.923433
1.1143 -1.61812 27.9193 -0.92098
1.11671 -1.60668 27.927 -0.918532
1.11913 -1.59534 27.9346 -0.91609
1.12154 -1.58408 27.9422 -0.913654
1.12395 -1.57292 27.9498 -0.911224
1.12636 -1.56184 27.9573 -0.908799
1.12877 -1.55085 27.9647 -0.906379
1.13119 -1.53994 27.9721 -0.903966
1.1336 -1.52912 27.9794 -0.901558
1.13601 -1.51839 27.9867 -0.899156
1.13842 -1.50773 27.994 -0.896759
1.14083 -1.49716 28.0012 -0.894369
1.14325 -1.48668 28.0083 -0.891984
1.14566 -1.47627 28.0154 -0.889605
1.14807 -1.46595 28.0225 -0.887231
1.15048 -1.4557 28.0295 -0.884864
1.15289 -1.44554 28.0365 -0.882502
1.1553 -1.43545 28.0434 -0.880146
1.15772 -1.42544 28.0502 -0.877796
1.16013 -1.41551 28.0571 -0.875452
1.16254 -1.40566 28.0638 -0.873114
1.16495 -1.39588 28.0706 -0.870781
1.16736 -1.38617 28.0773 -0.868454
1.16978 -1.37655 28.0839 -0.866134
1.17219 -1.36699 28.0905 -0.863819
1.1746 -1.35751 28.0971 -0.86151
1.17701 -1.3481 28.1036 -0.859207
1.17942 -1.33876 28.11 -0.856909
1.18184 -1.3295 28.1165 -0.854618
1.18425 -1.3203 28.1228 -0.852333
1.18666 -1.31118 28.1292 -0.850053
1.18907 -1.30212 28.1355 -0.84778
1.19148 -1.29313 28.1417 -0.845512
1.1939 -1.28421 28.1479 -0.843251
1.19631 -1.27536 28.1541 -0.840995
1.19872 -1.26658 28.1602 -0.838745
1.20113 -1.25786 28.1663 -0.836502
1.20354 -1.24921 28.1724 -0.834264
1.20596 -1.24062 28.1784 -0.832032
1.20837 -1.2321 28.1843 -0.829806
1.21078 -1.22364 28.1903 -0.827586
1.21319 -1.21525 28.1961 -0.825372
1.2156 -1.20692 28.202 -0.823164
1.21801 -1.19865 28.2078 -0.820962
1.22043 -1.19044 28.2136 -0.818766
1.22284 -1.1823 28.2193 -0.816576
1.22525 -1.17421 28.225 -0.814392
1.22766 -1.16619 28.2306 -0.812214
1.23007 -1.15822 28.2362 -0.810041
1.23249 -1.15032 28.2418 -0.807875
1.2349 -1.14247 28.2474 -0.805715
1.23731 -1.13468 28.2529 -0.803561
1.23972 -1.12695 28.2583 -0.801412
1.24213 -1.11928 28.2637 -0.79927
1.24455 -1.11166 28.2691 -0.797133
1.24696 -1.1041 28.2745 -0.795003
1.24937 -1.0966 28.2798 -0.792878
1.25178 -1.08915 28.2851 -0.79076
1.25419 -1.08176 28.2903 -0.788647
1.25661 -1.07442 28.2955 -0.78654
1.25902 -1.06713 28.3007 -0.78444
1.26143 -1.0599 28.3059 -0.782345
1.26384 -1.05272 28.311 -0.780256
1.26625 -1.04559 28.316 -0.778173
1.26866 -1.03852 28.3211 -0.776096
1.27108 -1.0315 28.3261 -0.774025
1.27349 -1.02452 28.3311 -0.77196
1.2759 -1.0176 28.336 -0.769901
1.27831 -1.01073 28.3409 -0.767847
1.28072 -1.00391 28.3458 -0.7658
1.28314 -0.997139 28.3506 -0.763758
1.28555 -0.990417 28.3554 -0.761723
1.28796 -0.983743 28.3602 -0.759693
1.29037 -0.977117 28.3649 -0.757669
1.29278 -0.970539 28.3696 -0.755651
1.2952 -0.964009 28.3743 -0.753639
1.29761 -0.957525 28.3789 -0.751632
1.30002 -0.951089 28.3836 -0.749632
1.30243 -0.944698 28.3881 -0.747637
1.30484 -0.938353 28.3927 -0.745648
1.30726 -0.932054 28.3972 -0.743665
1.30967 -0.9258 28.4017 -0.741688
1.31208 -0.91959 28.4062 -0.739717
1.31449 -0.913425 28.4106 -0.737751
1.3169 -0.907303 28.415 -0.735792
1.31931 -0.901226 28.4194 -0.733838
1.32173 -0.895191 28.4237 -0.73189
1.32414 -0.889199 28.428 -0.729947
1.32655 -0.88325 28.4323 -0.728011
1.32896 -0.877343 28.4365 -0.72608
1.33137 -0.871478 28.4408 -0.724155
1.33379 -0.865654 28.445 -0.722235
1.3362 -0.859871 28.4491 -0.720322
1.33861 -0.854129 28.4533 -0.718414
1.34102 -0.848427 28.4574 -0.716512
1.34343 -0.842765 28.4615 -0.714615
1.34585 -0.837143 28.4655 -0.712724
1.34826 -0.831561 28.4695 -0.710839
1.35067 -0.826017 28.4735 -0.70896
1.35308 -0.820513 28.4775 -0.707086
1.35549 -0.815047 28.4815 -0.705218
1.35791 -0.809618 28.4854 -0.703355
1.36032 -0.804228 28.4893 -0.701498
1.36273 -0.798875 28.4931 -0.699647
1.36514 -0.79356 28.497 -0.697802
1.36755 -0.788281 28.5008 -0.695962
1.36996 -0.783039 28.5046 -0.694127
1.37238 -0.777833 28.5083 -0.692298
1.37479 -0.772663 28.5121 -0.690475
1.3772 -0.767529 28.5158 -0.688657
1.37961 -0.76243 28.5195 -0.686845
1.38202 -0.757367 28.5231 -0.685039
1.38444 -0.752338 28.5268 -0.683238
1.38685 -0.747343 28.5304 -0.681442
1.38926 -0.742383 28.534 -0.679652
1.39167 -0.737457 28.5375 -0.677867
1.39408 -0.732565 28.5411 -0.676088
1.3965 -0.727706 28.5446 -0.674315
1.39891 -0.72288 28.5481 -0.672547
1.40132 -0.718087 28.5515 -0.670784
1.40373 -0.713327 28.555 -0.669027
1.40614 -0.708599 28.5584 -0.667275
1.40856 -0.703904 28.5618 -0.665529
1.41097 -0.69924 28.5652 -0.663788
1.41338 -0.694607 28.5685 -0.662052
1.41579 -0.690006 28.5719 -0.660322
1.4182 -0.685437 28.5752 -0.658597
1.42061 -0.680898 28.5784 -0.656878
1.42303 -0.676389 28.5817 -0.655163
1.42544 -0.671911 28.5849 -0.653455
1.42785 -0.667463 28.5882 -0.651751
1.43026 -0.663045 28.5914 -0.650053
1.43267 -0.658657 28.5945 -0.64836
1.43509 -0.654297 28.5977 -0.646673
1.4375 -0.649968 28.6008 -0.64499
1.43991 -0.645667 28.6039 -0.643313
1.44232 -0.641394 28.607 -0.641641
1.44473 -0.63715 28.6101 -0.639975
1.44715 -0.632935 28.6131 -0.638313
1.44956 -0.628747 28.6161 -0.636657
1.45197 -0.624588 28.6191 -0.635006
1.45438 -0.620455 28.6221 -0.633361
1.45679 -0.616351 28.6251 -0.63172
1.45921 -0.612273 28.628 -0.630085
1.46162 -0.608222 28.631 -0.628455
1.46403 -0.604198 28.6339 -0.626829
1.46644 -0.600201 28.6367 -0.62521
1.46885 -0.59623 28.6396 -0.623595
1.47127 -0.592285 28.6424 -0.621985
1.47368 -0.588365 28.6453 -0.62038
1.47609 -0.584472 28.6481 -0.618781
1.4785 -0.580604 28.6509 -0.617186
1.48091 -0.576761 28.6536 -0.615597
1.48332 -0.572944 28.6564 -0.614012
1.48574 -0.569151 28.6591 -0.612433
1.48815 -0.565383 28.6618 -0.610858
1.49056 -0.56164 28.6645 -0.609289
1.49297 -0.557921 28.6672 -0.607725
1.49538 -0.554226 28.6698 -0.606165
1.4978 -0.550555 28.6725 -0.604611
1.50021 -0.546908 28.6751 -0.603061
1.50262 -0.543284 28.6777 -0.601517
1.50503 -0.539684 28.6803 -0.599977
1.50744 -0.536107 28.6828 -0.598442
1.50986 -0.532553 28.6854 -0.596912
1.51227 -0.529022 28.6879 -0.595387
1.51468 -0.525514 28.6904 -0.593867
1.51709 -0.522028 28.6929 -0.592352
1.5195 -0.518565 28.6954 -0.590842
1.52192 -0.515124 28.6979 -0.589336
1.52433 -0.511705 28.7003 -0.587835
1.52674 -0.508307 28.7028 -0.586339
1.52915 -0.504932 28.7052 -0.584848
1.53156 -0.501577 28.7076 -0.583362
1.53397 -0.498245 28.7099 -0.58188
1.53639 -0.494933 28.7123 -0.580404
1.5388 -0.491643 28.7147 -0.578931
1.54121 -0.488373 28.717 -0.577464
1.54362 -0.485124 28.7193 -0.576001
1.54603 -0.481896 28.7216 -0.574544
1.54845 -0.478688 28.7239 -0.57309
1.55086 -0.4755 28.7261 -0.571642
1.55327 -0.472332 28.7284 -0.570198
1.55568 -0.469185 28.7306 -0.568759
1.55809 -0.466057 28.7329 -0.567324
1.56051 -0.462949 28.7351 -0.565894
1.56292 -0.45986 28.7372 -0.564469
1.56533 -0.456791 28.7394 -0.563048
1.56774 -0.453741 28.7416 -0.561632
1.57015 -0.45071 28.7437 -0.56022
1.57257 -0.447698 28.7459 -0.558813
1.57498 -0.444705 28.748 -0.557411
1.57739 -0.44173 28.7501 -0.556013
1.5798 -0.438774 28.7522 -0.55462
1.58221 -0.435836 28.7542 -0.553231
1.58462 -0.432917 28.7563 -0.551847
1.58704 -0.430016 28.7583 -0.550467
1.58945 -0.427132 28.7604 -0.549091
1.59186 -0.424267 28.7624 -0.54772
1.59427 -0.421419 28.7644 -0.546354
1.59668 -0.418589 28.7664 -0.544992
1.5991 -0.415776 28.7683 -0.543634
1.60151 -0.412981 28.7703 -0.542281
1.60392 -0.410203 28.7723 -0.540932
1.60633 -0.407442 28.7742 -0.539588
1.60874 -0.404698 28.7761 -0.538248
1.61116 -0.40197 28.778 -0.536912
1.61357 -0.39926 28.7799 -0.535581
1.61598 -0.396566 28.7818 -0.534254
1.61839 -0.393889 28.7837 -0.532932
1.6208 -0.391227 28.7855 -0.531613
1.62322 -0.388583 28.7873 -0.530299
1.62563 -0.385954 28.7892 -0.52899
1.62804 -0.383341 28.791 -0.527684
1.63045 -0.380744 28.7928 -0.526383
1.63286 -0.378163 28.7946 -0.525086
1.63527 -0.375598 28.7964 -0.523794
1.63769 -0.373048 28.7981 -0.522505
1.6401 -0.370513 28.7999 -0.521221
1.64251 -0.367994 28.8016 -0.519941
1.64492 -0.36549 28.8033 -0.518665
1.64733 -0.363002 28.8051 -0.517393
1.64975 -0.360528 28.8068 -0.516126
1.65216 -0.358069 28.8085 -0.514863
1.65457 -0.355625 28.8101 -0.513604
1.65698 -0.353195 28.8118 -0.512348
1.65939 -0.350781 28.8135 -0.511098
1.66181 -0.34838 28.8151 -0.509851
1.66422 -0.345994 28.8168 -0.508608
1.66663 -0.343623 28.8184 -0.507369
1.66904 -0.341265 28.82 -0.506135
1.67145 -0.338922 28.8216 -0.504904
1.67387 -0.336592 28.8232 -0.503678
1.67628 -0.334277 28.8248 -0.502456
1.67869 -0.331975 28.8263 -0.501237
1.6811 -0.329687 28.8279 -0.500023
1.68351 -0.327413 28.8294 -0.498813
1.68593 -0.325152 28.831 -0.497606
1.68834 -0.322904 28.8325 -0.496404
1.69075 -0.32067 28.834 -0.495205
1.69316 -0.318449 28.8355 -0.494011
1.69557 -0.316241 28.837 -0.49282
1.69798 -0.314046 28.8385 -0.491634
1.7004 -0.311864 28.8399 -0.490451
1.70281 -0.309695 28.8414 -0.489272
1.70522 -0.307539 28.8428 -0.488098
1.70763 -0.305395 28.8443 -0.486927
1.71004 -0.303264 28.8457 -0.48576
1.71246 -0.301146 28.8471 -0.484596
1.71487 -0.29904 28.8485 -0.483437
1.71728 -0.296946 28.8499 -0.482281
1.71969 -0.294865 28.8513 -0.48113
1.7221 -0.292795 28.8527 -0.479982
1.72452 -0.290738 28.8541 -0.478838
1.72693 -0.288693 28.8554 -0.477698
1.72934 -0.28666 28.8568 -0.476561
1.73175 -0.284639 28.8581 -0.475428
1.73416 -0.282629 28.8594 -0.474299
1.73658 -0.280631 28.8608 -0.473174
1.73899 -0.278645 28.8621 -0.472053
1.7414 -0.27667 28.8634 -0.470935
1.74381 -0.274707 28.8647 -0.469821
1.74622 -0.272755 28.8659 -0.468711
1.74863 -0.270814 28.8672 -0.467604
1.75105 -0.268885 28.8685 -0.466501
1.75346 -0.266966 28.8697 -0.465402
1.75587 -0.265059 28.871 -0.464306
1.75828 -0.263163 28.8722 -0.463214
1.76069 -0.261278 28.8734 -0.462126
1.76311 -0.259403 28.8747 -0.461041
1.76552 -0.25754 28.8759 -0.45996
1.76793 -0.255687 28.8771 -0.458883
1.77034 -0.253845 28.8783 -0.457809
1.77275 -0.252013 28.8795 -0.456739
1.77517 -0.250192 28.8806 -0.455672
1.77758 -0.248381 28.8818 -0.454609
1.77999 -0.246581 28.883 -0.453549
1.7824 -0.244791 28.8841 -0.452493
1.78481 -0.243011 28.8852 -0.451441
1.78723 -0.241241 28.8864 -0.450392
1.78964 -0.239482 28.8875 -0.449347
1.79205 -0.237732 28.8886 -0.448305
1.79446 -0.235993 28.8897 -0.447266
1.79687 -0.234263 28.8908 -0.446231
1.79928 -0.232543 28.8919 -0.4452
1.8017 -0.230833 28.893 -0.444172
1.80411 -0.229133 28.8941 -0.443147
1.80652 -0.227442 28.8951 -0.442126
1.80893 -0.225761 28.8962 -0.441109
1.81134 -0.22409 28.8973 -0.440094
1.81376 -0.222428 28.8983 -0.439083
1.81617 -0.220775 28.8993 -0.438076
1.81858 -0.219132 28.9004 -0.437072
1.82099 -0.217498 28.9014 -0.436071
1.8234 -0.215873 28.9024 -0.435074
1.82582 -0.214258 28.9034 -0.43408
1.82823 -0.212651 28.9044 -0.43309
1.83064 -0.211054 28.9054 -0.432102
1.83305 -0.209465 28.9064 -0.431118
1.83546 -0.207886 28.9074 -0.430138
1.83788 -0.206315 28.9083 -0.429161
1.84029 -0.204753 28.9093 -0.428187
1.8427 -0.2032 28.9102 -0.427216
1.84511 -0.201656 28.9112 -0.426249
1.84752 -0.20012 28.9121 -0.425284
1.84993 -0.198593 28.9131 -0.424324
1.85235 -0.197075 28.914 -0.423366
1.85476 -0.195565 28.9149 -0.422412
1.85717 -0.194063 28.9158 -0.421461
1.85958 -0.19257 28.9167 -0.420513
1.86199 -0.191086 28.9176 -0.419568
1.86441 -0.189609 28.9185 -0.418627
1.86682 -0.188141 28.9194 -0.417688
1.86923 -0.186681 28.9203 -0.416753
1.87164 -0.185229 28.9211 -0.415821
1.87405 -0.183785 28.922 -0.414893
1.87647 -0.182349 28.9229 -0.413967
1.87888 -0.180922 28.9237 -0.413045
1.88129 -0.179502 28.9246 -0.412125
1.8837 -0.17809 28.9254 -0.411209
1.88611 -0.176686 28.9262 -0.410296
1.88853 -0.175289 28.9271 -0.409386
1.89094 -0.173901 28.9279 -0.40848
1.89335 -0.17252 28.9287 -0.407576
1.89576 -0.171147 28.9295 -0.406675
1.89817 -0.169781 28.9303 -0.405778
1.90059 -0.168423 28.9311 -0.404883
1.903 -0.167073 28.9319 -0.403992
1.90541 -0.16573 28.9326 -0.403104
1.90782 -0.164394 28.9334 -0.402218
1.91023 -0.163066 28.9342 -0.401336
1.91264 -0.161745 28.9349 -0.400457
1.91506 -0.160432 28.9357 -0.399581
1.91747 -0.159125 28.9364 -0.398708
1.91988 -0.157826 28.9372 -0.397837
1.92229 -0.156534 28.9379 -0.39697
1.9247 -0.15525 28.9387 -0.396106
1.92712 -0.153972 28.9394 -0.395245
1.92953 -0.152701 28.9401 -0.394386
1.93194 -0.151438 28.9408 -0.393531
1.93435 -0.150181 28.9415 -0.392679
1.93676 -0.148931 28.9422 -0.391829
1.93918 -0.147688 28.9429 -0.390983
1.94159 -0.146452 28.9436 -0.390139
1.944 -0.145223 28.9443 -0.389299
1.94641 -0.144001 28.945 -0.388461
1.94882 -0.142785 28.9457 -0.387626
1.95124 -0.141576 28.9463 -0.386794
1.95365 -0.140373 28.947 -0.385965
1.95606 -0.139178 28.9476 -0.385139
1.95847 -0.137988 28.9483 -0.384315
1.96088 -0.136806 28.9489 -0.383495
1.96329 -0.135629 28.9496 -0.382677
1.96571 -0.134459 28.9502 -0.381862
1.96812 -0.133296 28.9509 -0.38105
1.97053 -0.132139 28.9515 -0.380241
1.97294 -0.130988 28.9521 -0.379435
1.97535 -0.129844 28.9527 -0.378631
1.97777 -0.128706 28.9533 -0.377831
1.98018 -0.127574 28.9539 -0.377033
1.98259 -0.126449 28.9545 -0.376238
1.985 -0.125329 28.9551 -0.375445
1.98741 -0.124216 28.9557 -0.374656
1.98983 -0.123108 28.9563 -0.373869
1.99224 -0.122007 28.9569 -0.373085
1.99465 -0.120912 28.9574 -0.372304
1.99706 -0.119823 28.958 -0.371525
1.99947 -0.11874 28.9586 -0.370749
2.00189 -0.117663 28.9591 -0.369976
2.0043 -0.116591 28.9597 -0.369206
2.00671 -0.115526 28.9602 -0.368438
2.00912 -0.114466 28.9608 -0.367673
2.01153 -0.113412 28.9613 -0.36691
2.01394 -0.112364 28.9619 -0.366151
2.01636 -0.111322 28.9624 -0.365394
2.01877 -0.110285 28.9629 -0.36464
2.02118 -0.109254 28.9634 -0.363888
2.02359 -0.108228 28.964 -0.363139
2.026 -0.107209 28.9645 -0.362393
2.02842 -0.106195 28.965 -0.361649
2.03083 -0.105186 28.9655 -0.360908
2.03324 -0.104183 28.966 -0.36017
2.03565 -0.103185 28.9665 -0.359434
2.03806 -0.102193 28.9669 -0.358701
2.04048 -0.101206 28.9674 -0.35797
2.04289 -0.100225 28.9679 -0.357242
2.0453 -0.0992489 28.9684 -0.356517
2.04771 -0.0982783 28.9689 -0.355794
2.05012 -0.097313 28.9693 -0.355074
2.05254 -0.0963529 28.9698 -0.354356
2.05495 -0.0953981 28.9702 -0.353641
2.05736 -0.0944486 28.9707 -0.352928
2.05977 -0.0935042 28.9711 -0.352218
2.06218 -0.0925651 28.9716 -0.351511
2.06459 -0.091631 28.972 -0.350806
2.06701 -0.0907021 28.9725 -0.350103
2.06942 -0.0897783 28.9729 -0.349404
2.07183 -0.0888596 28.9733 -0.348706
2.07424 -0.0879459 28.9737 -0.348011
2.07665 -0.0870372 28.9742 -0.347319
2.07907 -0.0861334 28.9746 -0.346629
2.08148 -0.0852347 28.975 -0.345942
2.08389 -0.0843409 28.9754 -0.345257
2.0863 -0.0834519 28.9758 -0.344574
2.08871 -0.0825679 28.9762 -0.343894
2.09113 -0.0816887 28.9766 -0.343217
2.09354 -0.0808144 28.977 -0.342542
2.09595 -0.0799449 28.9774 -0.341869
2.09836 -0.0790801 28.9777 -0.341199
2.10077 -0.0782201 28.9781 -0.340531
2.10319 -0.0773649 28.9785 -0.339866
2.1056 -0.0765144 28.9789 -0.339203
2.10801 -0.0756685 28.9792 -0.338543
2.11042 -0.0748273 28.9796 -0.337885
2.11283 -0.0739907 28.98 -0.337229
2.11525 -0.0731588 28.9803 -0.336576
2.11766 -0.0723315 28.9807 -0.335925
2.12007 -0.0715087 28.981 -0.335276
2.12248 -0.0706905 28.9814 -0.33463
2.12489 -0.0698767 28.9817 -0.333987
2.1273 -0.0690675 28.982 -0.333345
2.12972 -0.0682628 28.9824 -0.332706
2.13213 -0.0674625 28.9827 -0.33207
2.13454 -0.0666667 28.983 -0.331435
2.13695 -0.0658753 28.9833 -0.330803
2.13936 -0.0650882 28.9837 -0.330174
2.14178 -0.0643056 28.984 -0.329546
2.14419 -0.0635273 28.9843 -0.328921
2.1466 -0.0627533 28.9846 -0.328299
2.14901 -0.0619836 28.9849 -0.327678
2.15142 -0.0612182 28.9852 -0.32706
2.15384 -0.060457 28.9855 -0.326444
2.15625 -0.0597001 28.9858 -0.325831
2.15866 -0.0589474 28.9861 -0.32522
2.16107 -0.058199 28.9864 -0.324611
2.16348 -0.0574547 28.9866 -0.324004
2.1659 -0.0567145 28.9869 -0.3234
2.16831 -0.0559785 28.9872 -0.322798
2.17072 -0.0552466 28.9875 -0.322198
2.17313 -0.0545189 28.9877 -0.3216
2.17554 -0.0537952 28.988 -0.321005
2.17795 -0.0530755 28.9883 -0.320412
2.18037 -0.0523599 28.9885 -0.319821
2.18278 -0.0516484 28.9888 -0.319232
2.18519 -0.0509408 28.989 -0.318646
2.1876 -0.0502372 28.9893 -0.318062
2.19001 -0.0495376 28.9895 -0.31748
2.19243 -0.048842 28.9898 -0.3169
2.19484 -0.0481502 28.99 -0.316322
2.19725 -0.0474624 28.9902 -0.315747
2.19966 -0.0467785 28.9905 -0.315174
2.20207 -0.0460984 28.9907 -0.314603
2.20449 -0.0454222 28.9909 -0.314034
2.2069 -0.0447498 28.9912 -0.313467
2.20931 -0.0440813 28.9914 -0.312903
2.21172 -0.0434166 28.9916 -0.31234
2.21413 -0.0427556 28.9918 -0.31178
2.21655 -0.0420984 28.992 -0.311222
2.21896 -0.041445 28.9922 -0.310666
2.22137 -0.0407953 28.9924 -0.310113
2.22378 -0.0401493 28.9926 -0.309561
2.22619 -0.0395071 28.9928 -0.309012
2.2286 -0.0388685 28.993 -0.308464
2.23102 -0.0382335 28.9932 -0.307919
2.23343 -0.0376023 28.9934 -0.307376
2.23584 -0.0369746 28.9936 -0.306835
2.23825 -0.0363506 28.9938 -0.306296
2.24066 -0.0357302 28.994 -0.305759
2.24308 -0.0351133 28.9941 -0.305225
2.24549 -0.0345001 28.9943 -0.304692
2.2479 -0.0338904 28.9945 -0.304161
2.25031 -0.0332842 28.9947 -0.303633
2.25272 -0.0326815 28.9948 -0.303107
2.25514 -0.0320824 28.995 -0.302582
2.25755 -0.0314868 28.9951 -0.30206
2.25996 -0.0308946 28.9953 -0.30154
2.26237 -0.0303059 28.9955 -0.301022
2.26478 -0.0297206 28.9956 -0.300506
2.2672 -0.0291388 28.9958 -0.299992
2.26961 -0.0285603 28.9959 -0.29948
2.27202 -0.0279853 28.996 -0.29897
2.27443 -0.0274137 28.9962 -0.298462
2.27684 -0.0268454 28.9963 -0.297956
2.27925 -0.0262805 28.9965 -0.297452
2.28167 -0.025719 28.9966 -0.29695
2.28408 -0.0251608 28.9967 -0.296451
2.28649 -0.0246059 28.9968 -0.295953
2.2889 -0.0240543 28.997 -0.295457
2.29131 -0.0235059 28.9971 -0.294963
2.29373 -0.0229609 28.9972 -0.294471
2.29614 -0.0224191 28.9973 -0.293982
2.29855 -0.0218806 28.9974 -0.293494
2.30096 -0.0213453 28.9976 -0.293008
2.30337 -0.0208132 28.9977 -0.292524
2.30579 -0.0202843 28.9978 -0.292042
2.3082 -0.0197586 28.9979 -0.291562
2.31061 -0.0192361 28.998 -0.291084
2.31302 -0.0187167 28.9981 -0.290608
2.31543 -0.0182005 28.9982 -0.290134
2.31785 -0.0176875 28.9983 -0.289662
2.32026 -0.0171776 28.9983 -0.289192
2.32267 -0.0166708 28.9984 -0.288724
2.32508 -0.0161671 28.9985 -0.288257
2.32749 -0.0156664 28.9986 -0.287793
2.32991 -0.0151689 28.9987 -0.28733
2.33232 -0.0146744 28.9988 -0.28687
2.33473 -0.014183 28.9988 -0.286411
2.33714 -0.0136946 28.9989 -0.285955
2.33955 -0.0132093 28.999 -0.2855
2.34196 -0.0127269 28.9991 -0.285047
2.34438 -0.0122476 28.9991 -0.284596
2.34679 -0.0117713 28.9992 -0.284147
2.3492 -0.0112979 28.9992 -0.2837
2.35161 -0.0108275 28.9993 -0.283255
2.35402 -0.0103601 28.9994 -0.282811
2.35644 -0.0098956 28.9994 -0.28237
2.35885 -0.00943405 28.9995 -0.28193
2.36126 -0.00897542 28.9995 -0.281492
2.36367 -0.0085197 28.9996 -0.281056
2.36608 -0.00806688 28.9996 -0.280622
2.3685 -0.00761695 28.9996 -0.28019
2.37091 -0.0071699 28.9997 -0.27976
2.37332 -0.00672572 28.9997 -0.279332
2.37573 -0.00628439 28.9998 -0.278905
2.37814 -0.00584591 28.9998 -0.27848
2.38056 -0.00541026 28.9998 -0.278057
2.38297 -0.00497743 28.9998 -0.277636
2.38538 -0.00454742 28.9999 -0.277217
2.38779 -0.00412021 28.9999 -0.2768
2.3902 -0.00369579 28.9999 -0.276384
2.39261 -0.00327416 28.9999 -0.27597
2.39503 -0.0028553 28.9999 -0.275559
2.39744 -0.00243919 29 -0.275148
2.39985 -0.00202584 29 -0.27474
2.40226 -0.00161523 29 -0.274334
2.40467 -0.00120735 29 -0.273929
2.40709 -0.000802194 29 -0.273526
2.4095 -0.000399746 29 -0.273125
2.41191 0 29 -0.272726
