0 0  29
0.00241191 28.6355  28.5031
0.00482382 28.2687  28.1327
0.00723573 27.903  27.8012
0.00964764 27.5409  27.4938
0.0120596 27.1842  27.2036
0.0144715 26.8341  26.9271
0.0168834 26.4915  26.6618
0.0192953 26.157  26.4061
0.0217072 25.8307  26.1586
0.0241191 25.5127  25.9185
0.026531 25.203  25.6849
0.0289429 24.9013  25.4574
0.0313548 24.6075  25.2353
0.0337667 24.3211  25.0183
0.0361787 24.0419  24.806
0.0385906 23.7694  24.5981
0.0410025 23.5034  24.3943
0.0434144 23.2435  24.1944
0.0458263 22.9894  23.9982
0.0482382 22.7407  23.8054
0.0506501 22.4972  23.616
0.053062 22.2587  23.4298
0.0554739 22.0248  23.2465
0.0578858 21.7954  23.0662
0.0602978 21.5702  22.8886
0.0627097 21.3492  22.7137
0.0651216 21.1321  22.5413
0.0675335 20.9188  22.3715
0.0699454 20.7092  22.204
0.0723573 20.5032  22.0389
0.0747692 20.3007  21.8759
0.0771811 20.1015  21.7152
0.079593 19.9056  21.5565
0.0820049 19.7129  21.3999
0.0844169 19.5233  21.2453
0.0868288 19.3367  21.0926
0.0892407 19.153  20.9418
0.0916526 18.9723  20.7928
0.0940645 18.7942  20.6455
0.0964764 18.6189  20.5
0.0988883 18.4462  20.3562
0.1013 18.2761  20.2141
0.103712 18.1084  20.0736
0.106124 17.9432  19.9346
0.108536 17.7803  19.7972
0.110948 17.6197  19.6612
0.11336 17.4614  19.5268
0.115772 17.3052  19.3938
0.118184 17.1512  19.2622
0.120596 16.9993  19.132
0.123007 16.8495  19.0031
0.125419 16.7017  18.8756
0.127831 16.5559  18.7494
0.130243 16.412  18.6244
0.132655 16.2701  18.5007
0.135067 16.1301  18.3783
0.137479 15.9919  18.257
0.139891 15.8556  18.137
0.142303 15.7212  18.0181
0.144715 15.5885  17.9003
0.147127 15.4577  17.7837
0.149538 15.3286  17.6682
0.15195 15.2013  17.5537
0.154362 15.0757  17.4404
0.156774 14.9518  17.3281
0.159186 14.8296  17.2168
0.161598 14.709  17.1066
0.16401 14.5901  16.9973
0.166422 14.4729  16.8891
0.168834 14.3573  16.7818
0.171246 14.2432  16.6755
0.173658 14.1308  16.5701
0.176069 14.0199  16.4657
0.178481 13.9105  16.3622
0.180893 13.8027  16.2596
0.183305 13.6963  16.1578
0.185717 13.5915  16.057
0.188129 13.488  15.957
0.190541 13.3861  15.8579
0.192953 13.2855  15.7596
0.195365 13.1863  15.6621
0.197777 13.0885  15.5655
0.200189 12.9921  15.4697
0.2026 12.8969  15.3747
0.205012 12.8031  15.2804
0.207424 12.7106  15.187
0.209836 12.6193  15.0943
0.212248 12.5293  15.0024
0.21466 12.4405  14.9112
0.217072 12.3529  14.8207
0.219484 12.2664  14.731
0.221896 12.1811  14.642
0.224308 12.097  14.5537
0.22672 12.0139  14.4662
0.229131 11.932  14.3793
0.231543 11.8511  14.2931
0.233955 11.7713  14.2076
0.236367 11.6925  14.1227
0.238779 11.6147  14.0385
0.241191 11.5379  13.955
0.243603 11.462  13.8721
0.246015 11.3871  13.7899
0.248427 11.3131  13.7082
0.250839 11.24  13.6273
0.253251 11.1679  13.5469
0.255662 11.0965  13.4671
0.258074 11.0261  13.388
0.260486 10.9564  13.3094
0.262898 10.8876  13.2315
0.26531 10.8196  13.1541
0.267722 10.7523  13.0773
0.270134 10.6858  13.001
0.272546 10.6201  12.9254
0.274958 10.5551  12.8503
0.27737 10.4907  12.7757
0.279782 10.4271  12.7017
0.282193 10.3642  12.6283
0.284605 10.3019  12.5553
0.287017 10.2403  12.483
0.289429 10.1793  12.4111
0.291841 10.119  12.3398
0.294253 10.0592  12.2689
0.296665 10  12.1986
0.299077 9.94147  12.1288
0.301489 9.88346  12.0595
0.303901 9.82601  11.9907
0.306313 9.76911  11.9223
0.308724 9.71274  11.8545
0.311136 9.65689  11.7871
0.313548 9.60156  11.7202
0.31596 9.54672  11.6538
0.318372 9.49238  11.5879
0.320784 9.43852  11.5224
0.323196 9.38513  11.4574
0.325608 9.3322  11.3928
0.32802 9.27973  11.3287
0.330432 9.2277  11.265
0.332844 9.17611  11.2017
0.335255 9.12495  11.1389
0.337667 9.0742  11.0765
0.340079 9.02388  11.0146
0.342491 8.97395  10.9531
0.344903 8.92443  10.892
0.347315 8.8753  10.8313
0.349727 8.82655  10.771
0.352139 8.77818  10.7112
0.354551 8.73019  10.6517
0.356963 8.68257  10.5926
0.359375 8.63531  10.534
0.361787 8.5884  10.4757
0.364198 8.54185  10.4178
0.36661 8.49565  10.3604
0.369022 8.44979  10.3033
0.371434 8.40427  10.2465
0.373846 8.35909  10.1902
0.376258 8.31423  10.1342
0.37867 8.2697  10.0786
0.381082 8.22549  10.0234
0.383494 8.18161  9.96852
0.385906 8.13803  9.91402
0.388318 8.09477  9.85987
0.390729 8.05182  9.80607
0.393141 8.00918  9.75263
0.395553 7.96684  9.69954
0.397965 7.9248  9.64679
0.400377 7.88305  9.59439
0.402789 7.8416  9.54233
0.405201 7.80044  9.4906
0.407613 7.75957  9.43921
0.410025 7.71899  9.38815
0.412437 7.67869  9.33742
0.414849 7.63867  9.28701
0.41726 7.59893  9.23693
0.419672 7.55947  9.18717
0.422084 7.52028  9.13773
0.424496 7.48136  9.08861
0.426908 7.44271  9.03979
0.42932 7.40433  8.99129
0.431732 7.36622  8.9431
0.434144 7.32836  8.89521
0.436556 7.29077  8.84762
0.438968 7.25343  8.80033
0.44138 7.21635  8.75335
0.443791 7.17952  8.70666
0.446203 7.14294  8.66026
0.448615 7.1066  8.61415
0.451027 7.07052  8.56833
0.453439 7.03467  8.5228
0.455851 6.99907  8.47756
0.458263 6.9637  8.43259
0.460675 6.92857  8.38791
0.463087 6.89367  8.3435
0.465499 6.859  8.29937
0.467911 6.82456  8.25551
0.470322 6.79035  8.21192
0.472734 6.75635  8.16861
0.475146 6.72258  8.12556
0.477558 6.68902  8.08277
0.47997 6.65568  8.04025
0.482382 6.62254  7.99799
0.484794 6.58962  7.95599
0.487206 6.5569  7.91424
0.489618 6.52439  7.87275
0.49203 6.49208  7.83151
0.494442 6.45997  7.79053
0.496853 6.42805  7.74979
0.499265 6.39633  7.7093
0.501677 6.36479  7.66906
0.504089 6.33345  7.62906
0.506501 6.30229  7.58931
0.508913 6.27131  7.54979
0.511325 6.24052  7.51051
0.513737 6.2099  7.47147
0.516149 6.17946  7.43266
0.518561 6.14919  7.39409
0.520973 6.11909  7.35575
0.523384 6.08916  7.31763
0.525796 6.0594  7.27975
0.528208 6.02981  7.24209
0.53062 6.00037  7.20466
0.533032 5.9711  7.16745
0.535444 5.94198  7.13046
0.537856 5.91302  7.09369
0.540268 5.88421  7.05714
0.54268 5.85556  7.02081
0.545092 5.82706  6.98469
0.547504 5.7987  6.94879
0.549915 5.77049  6.9131
0.552327 5.74242  6.87762
0.554739 5.7145  6.84234
0.557151 5.68672  6.80728
0.559563 5.65908  6.77242
0.561975 5.63158  6.73777
0.564387 5.60421  6.70332
0.566799 5.57698  6.66907
0.569211 5.54988  6.63502
0.571623 5.52291  6.60117
0.574035 5.49608  6.56752
0.576446 5.46937  6.53406
0.578858 5.4428  6.5008
0.58127 5.41635  6.46773
0.583682 5.39002  6.43486
0.586094 5.36382  6.40218
0.588506 5.33774  6.36968
0.590918 5.31179  6.33737
0.59333 5.28596  6.30525
0.595742 5.26024  6.27332
0.598154 5.23465  6.24157
0.600566 5.20917  6.21
0.602978 5.18381  6.17862
0.605389 5.15857  6.14742
0.607801 5.13344  6.11639
0.610213 5.10843  6.08554
0.612625 5.08353  6.05487
0.615037 5.05875  6.02438
0.617449 5.03408  5.99406
0.619861 5.00952  5.96391
0.622273 4.98507  5.93394
0.624685 4.96073  5.90413
0.627097 4.9365  5.8745
0.629509 4.91237  5.84504
0.63192 4.88836  5.81574
0.634332 4.86446  5.78661
0.636744 4.84066  5.75764
0.639156 4.81697  5.72884
0.641568 4.79338  5.7002
0.64398 4.7699  5.67172
0.646392 4.74652  5.64341
0.648804 4.72325  5.61525
0.651216 4.70009  5.58726
0.653628 4.67702  5.55942
0.65604 4.65406  5.53173
0.658451 4.6312  5.50421
0.660863 4.60845  5.47684
0.663275 4.58579  5.44962
0.665687 4.56324  5.42255
0.668099 4.54079  5.39564
0.670511 4.51844  5.36887
0.672923 4.49618  5.34226
0.675335 4.47403  5.3158
0.677747 4.45198  5.28948
0.680159 4.43003  5.26331
0.682571 4.40817  5.23728
0.684982 4.38642  5.2114
0.687394 4.36476  5.18567
0.689806 4.3432  5.16007
0.692218 4.32173  5.13462
0.69463 4.30037  5.10931
0.697042 4.2791  5.08414
0.699454 4.25793  5.05911
0.701866 4.23685  5.03422
0.704278 4.21587  5.00947
0.70669 4.19498  4.98485
0.709102 4.17419  4.96037
0.711513 4.15349  4.93602
0.713925 4.13289  4.91181
0.716337 4.11239  4.88773
0.718749 4.09197  4.86378
0.721161 4.07166  4.83996
0.723573 4.05143  4.81628
0.725985 4.0313  4.79272
0.728397 4.01126  4.7693
0.730809 3.99131  4.746
0.733221 3.97146  4.72283
0.735633 3.9517  4.69978
0.738044 3.93203  4.67686
0.740456 3.91245  4.65407
0.742868 3.89296  4.6314
0.74528 3.87356  4.60886
0.747692 3.85426  4.58643
0.750104 3.83504  4.56413
0.752516 3.81592  4.54195
0.754928 3.79688  4.51989
0.75734 3.77794  4.49795
0.759752 3.75908  4.47613
0.762164 3.74032  4.45443
0.764575 3.72164  4.43285
0.766987 3.70305  4.41138
0.769399 3.68455  4.39002
0.771811 3.66614  4.36879
0.774223 3.64781  4.34766
0.776635 3.62958  4.32666
0.779047 3.61143  4.30576
0.781459 3.59337  4.28498
0.783871 3.57539  4.26431
0.786283 3.5575  4.24374
0.788695 3.5397  4.22329
0.791106 3.52198  4.20295
0.793518 3.50435  4.18272
0.79593 3.4868  4.1626
0.798342 3.46934  4.14258
0.800754 3.45197  4.12268
0.803166 3.43467  4.10287
0.805578 3.41747  4.08318
0.80799 3.40034  4.06359
0.810402 3.3833  4.0441
0.812814 3.36635  4.02472
0.815226 3.34948  4.00544
0.817637 3.33269  3.98626
0.820049 3.31598  3.96719
0.822461 3.29935  3.94821
0.824873 3.28281  3.92934
0.827285 3.26635  3.91057
0.829697 3.24997  3.89189
0.832109 3.23367  3.87332
0.834521 3.21745  3.85484
0.836933 3.20131  3.83647
0.839345 3.18526  3.81819
0.841757 3.16928  3.8
0.844169 3.15338  3.78191
0.84658 3.13756  3.76392
0.848992 3.12182  3.74602
0.851404 3.10616  3.72822
0.853816 3.09058  3.71051
0.856228 3.07508  3.69289
0.85864 3.05965  3.67536
0.861052 3.0443  3.65793
0.863464 3.02903  3.64059
0.865876 3.01384  3.62334
0.868288 2.99872  3.60618
0.8707 2.98368  3.58911
0.873111 2.96872  3.57213
0.875523 2.95383  3.55524
0.877935 2.93901  3.53843
0.880347 2.92427  3.52172
0.882759 2.90961  3.50509
0.885171 2.89502  3.48855
0.887583 2.8805  3.47209
0.889995 2.86606  3.45572
0.892407 2.8517  3.43944
0.894819 2.8374  3.42324
0.897231 2.82318  3.40712
0.899642 2.80903  3.39109
0.902054 2.79495  3.37514
0.904466 2.78095  3.35928
0.906878 2.76702  3.34349
0.90929 2.75315  3.32779
0.911702 2.73936  3.31217
0.914114 2.72564  3.29663
0.916526 2.712  3.28117
0.918938 2.69842  3.26579
0.92135 2.68491  3.25049
0.923762 2.67147  3.23527
0.926173 2.6581  3.22013
0.928585 2.6448  3.20506
0.930997 2.63156  3.19007
0.933409 2.6184  3.17516
0.935821 2.6053  3.16033
0.938233 2.59227  3.14557
0.940645 2.57931  3.13089
0.943057 2.56641  3.11629
0.945469 2.55359  3.10176
0.947881 2.54082  3.0873
0.950293 2.52813  3.07292
0.952704 2.5155  3.05861
0.955116 2.50293  3.04437
0.957528 2.49044  3.03021
0.95994 2.478  3.01612
0.962352 2.46563  3.0021
0.964764 2.45332  2.98815
0.967176 2.44108  2.97428
0.969588 2.4289  2.96047
0.972 2.41679  2.94674
0.974412 2.40474  2.93307
0.976824 2.39275  2.91947
0.979235 2.38082  2.90595
0.981647 2.36895  2.89249
0.984059 2.35715  2.8791
0.986471 2.34541  2.86578
0.988883 2.33373  2.85253
0.991295 2.32211  2.83934
0.993707 2.31055  2.82622
0.996119 2.29905  2.81316
0.998531 2.28761  2.80018
1.00094 2.27623  2.78725
1.00335 2.26491  2.7744
1.00577 2.25364  2.76161
1.00818 2.24244  2.74888
1.01059 2.23129  2.73622
1.013 2.22021  2.72362
1.01541 2.20918  2.71108
1.01783 2.19821  2.69861
1.02024 2.18729  2.6862
1.02265 2.17643  2.67385
1.02506 2.16563  2.66156
1.02747 2.15489  2.64934
1.02989 2.1442  2.63717
1.0323 2.13356  2.62507
1.03471 2.12298  2.61303
1.03712 2.11246  2.60105
1.03953 2.10199  2.58913
1.04195 2.09158  2.57727
1.04436 2.08122  2.56546
1.04677 2.07091  2.55372
1.04918 2.06066  2.54204
1.05159 2.05046  2.53041
1.054 2.04032  2.51884
1.05642 2.03022  2.50733
1.05883 2.02018  2.49587
1.06124 2.01019  2.48448
1.06365 2.00026  2.47314
1.06606 1.99037  2.46185
1.06848 1.98054  2.45062
1.07089 1.97075  2.43945
1.0733 1.96102  2.42833
1.07571 1.95134  2.41727
1.07812 1.94171  2.40627
1.08054 1.93213  2.39531
1.08295 1.92259  2.38441
1.08536 1.91311  2.37357
1.08777 1.90368  2.36278
1.09018 1.89429  2.35204
1.0926 1.88496  2.34135
1.09501 1.87567  2.33072
1.09742 1.86643  2.32014
1.09983 1.85724  2.30961
1.10224 1.84809  2.29914
1.10465 1.83899  2.28871
1.10707 1.82994  2.27834
1.10948 1.82094  2.26801
1.11189 1.81198  2.25774
1.1143 1.80307  2.24752
1.11671 1.79421  2.23735
1.11913 1.78539  2.22723
1.12154 1.77661  2.21715
1.12395 1.76788  2.20713
1.12636 1.7592  2.19716
1.12877 1.75056  2.18723
1.13119 1.74196  2.17735
1.1336 1.73341  2.16752
1.13601 1.7249  2.15774
1.13842 1.71644  2.14801
1.14083 1.70801  2.13832
1.14325 1.69964  2.12868
1.14566 1.6913  2.11909
1.14807 1.68301  2.10954
1.15048 1.67476  2.10004
1.15289 1.66655  2.09059
1.1553 1.65838  2.08118
1.15772 1.65026  2.07182
1.16013 1.64218  2.0625
1.16254 1.63413  2.05323
1.16495 1.62613  2.044
1.16736 1.61817  2.03482
1.16978 1.61025  2.02568
1.17219 1.60237  2.01659
1.1746 1.59453  2.00754
1.17701 1.58673  1.99853
1.17942 1.57897  1.98956
1.18184 1.57125  1.98064
1.18425 1.56356  1.97177
1.18666 1.55592  1.96293
1.18907 1.54831  1.95414
1.19148 1.54075  1.94539
1.1939 1.53322  1.93668
1.19631 1.52573  1.92801
1.19872 1.51827  1.91938
1.20113 1.51086  1.9108
1.20354 1.50348  1.90225
1.20596 1.49613  1.89375
1.20837 1.48883  1.88529
1.21078 1.48156  1.87687
1.21319 1.47433  1.86848
1.2156 1.46713  1.86014
1.21801 1.45997  1.85184
1.22043 1.45285  1.84358
1.22284 1.44576  1.83535
1.22525 1.4387  1.82717
1.22766 1.43168  1.81902
1.23007 1.4247  1.81091
1.23249 1.41775  1.80284
1.2349 1.41084  1.79481
1.23731 1.40396  1.78682
1.23972 1.39711  1.77886
1.24213 1.3903  1.77094
1.24455 1.38352  1.76306
1.24696 1.37677  1.75522
1.24937 1.37006  1.74741
1.25178 1.36338  1.73964
1.25419 1.35673  1.73191
1.25661 1.35012  1.72421
1.25902 1.34354  1.71655
1.26143 1.33699  1.70892
1.26384 1.33047  1.70133
1.26625 1.32399  1.69378
1.26866 1.31753  1.68626
1.27108 1.31111  1.67877
1.27349 1.30472  1.67132
1.2759 1.29836  1.66391
1.27831 1.29203  1.65653
1.28072 1.28573  1.64918
1.28314 1.27947  1.64187
1.28555 1.27323  1.63459
1.28796 1.26702  1.62735
1.29037 1.26084  1.62014
1.29278 1.2547  1.61296
1.2952 1.24858  1.60582
1.29761 1.24249  1.59871
1.30002 1.23643  1.59163
1.30243 1.2304  1.58458
1.30484 1.2244  1.57757
1.30726 1.21843  1.57059
1.30967 1.21249  1.56364
1.31208 1.20657  1.55673
1.31449 1.20069  1.54984
1.3169 1.19483  1.54299
1.31931 1.189  1.53617
1.32173 1.1832  1.52937
1.32414 1.17742  1.52262
1.32655 1.17168  1.51589
1.32896 1.16596  1.50919
1.33137 1.16026  1.50252
1.33379 1.1546  1.49588
1.3362 1.14896  1.48928
1.33861 1.14335  1.4827
1.34102 1.13776  1.47615
1.34343 1.1322  1.46964
1.34585 1.12667  1.46315
1.34826 1.12116  1.45669
1.35067 1.11568  1.45026
1.35308 1.11022  1.44386
1.35549 1.10479  1.43749
1.35791 1.09939  1.43115
1.36032 1.09401  1.42484
1.36273 1.08865  1.41855
1.36514 1.08332  1.41229
1.36755 1.07802  1.40606
1.36996 1.07274  1.39986
1.37238 1.06748  1.39369
1.37479 1.06225  1.38754
1.3772 1.05704  1.38143
1.37961 1.05186  1.37534
1.38202 1.0467  1.36927
1.38444 1.04156  1.36324
1.38685 1.03645  1.35723
1.38926 1.03136  1.35124
1.39167 1.0263  1.34529
1.39408 1.02126  1.33936
1.3965 1.01624  1.33345
1.39891 1.01124  1.32758
1.40132 1.00627  1.32172
1.40373 1.00132  1.3159
1.40614 0.996392  1.3101
1.40856 0.991487  1.30432
1.41097 0.986604  1.29858
1.41338 0.981744  1.29285
1.41579 0.976905  1.28715
1.4182 0.972088  1.28148
1.42061 0.967293  1.27583
1.42303 0.96252  1.27021
1.42544 0.957768  1.26461
1.42785 0.953038  1.25903
1.43026 0.948328  1.25348
1.43267 0.94364  1.24796
1.43509 0.938973  1.24245
1.4375 0.934327  1.23698
1.43991 0.929702  1.23152
1.44232 0.925097  1.22609
1.44473 0.920513  1.22068
1.44715 0.915949  1.2153
1.44956 0.911406  1.20994
1.45197 0.906882  1.2046
1.45438 0.902379  1.19928
1.45679 0.897896  1.19399
1.45921 0.893432  1.18872
1.46162 0.888988  1.18348
1.46403 0.884564  1.17825
1.46644 0.880159  1.17305
1.46885 0.875774  1.16787
1.47127 0.871408  1.16271
1.47368 0.867061  1.15758
1.47609 0.862733  1.15246
1.4785 0.858424  1.14737
1.48091 0.854133  1.1423
1.48332 0.849862  1.13725
1.48574 0.845609  1.13222
1.48815 0.841374  1.12722
1.49056 0.837158  1.12223
1.49297 0.83296  1.11727
1.49538 0.828781  1.11232
1.4978 0.824619  1.1074
1.50021 0.820476  1.1025
1.50262 0.81635  1.09762
1.50503 0.812242  1.09276
1.50744 0.808151  1.08792
1.50986 0.804079  1.08309
1.51227 0.800023  1.07829
1.51468 0.795985  1.07351
1.51709 0.791965  1.06875
1.5195 0.787961  1.06401
1.52192 0.783975  1.05929
1.52433 0.780005  1.05459
1.52674 0.776052  1.0499
1.52915 0.772117  1.04524
1.53156 0.768197  1.0406
1.53397 0.764295  1.03597
1.53639 0.760409  1.03136
1.5388 0.756539  1.02678
1.54121 0.752685  1.02221
1.54362 0.748848  1.01766
1.54603 0.745027  1.01312
1.54845 0.741222  1.00861
1.55086 0.737433  1.00412
1.55327 0.73366  0.999638
1.55568 0.729902  0.995179
1.55809 0.726161  0.990738
1.56051 0.722434  0.986315
1.56292 0.718724  0.98191
1.56533 0.715028  0.977522
1.56774 0.711348  0.973152
1.57015 0.707684  0.968799
1.57257 0.704034  0.964464
1.57498 0.7004  0.960146
1.57739 0.69678  0.955845
1.5798 0.693176  0.951561
1.58221 0.689586  0.947294
1.58462 0.686011  0.943043
1.58704 0.682451  0.93881
1.58945 0.678905  0.934593
1.59186 0.675374  0.930393
1.59427 0.671857  0.926209
1.59668 0.668355  0.922042
1.5991 0.664866  0.917891
1.60151 0.661393  0.913756
1.60392 0.657933  0.909637
1.60633 0.654487  0.905534
1.60874 0.651055  0.901447
1.61116 0.647637  0.897376
1.61357 0.644233  0.89332
1.61598 0.640843  0.88928
1.61839 0.637466  0.885256
1.6208 0.634103  0.881246
1.62322 0.630753  0.877253
1.62563 0.627417  0.873274
1.62804 0.624094  0.869311
1.63045 0.620785  0.865363
1.63286 0.617489  0.861429
1.63527 0.614205  0.857511
1.63769 0.610935  0.853607
1.6401 0.607678  0.849718
1.64251 0.604434  0.845844
1.64492 0.601203  0.841984
1.64733 0.597985  0.838139
1.64975 0.594779  0.834307
1.65216 0.591587  0.830491
1.65457 0.588406  0.826688
1.65698 0.585239  0.822899
1.65939 0.582083  0.819125
1.66181 0.578941  0.815364
1.66422 0.57581  0.811617
1.66663 0.572692  0.807884
1.66904 0.569586  0.804165
1.67145 0.566492  0.800459
1.67387 0.563411  0.796767
1.67628 0.560341  0.793088
1.67869 0.557283  0.789422
1.6811 0.554237  0.78577
1.68351 0.551204  0.782131
1.68593 0.548181  0.778505
1.68834 0.545171  0.774891
1.69075 0.542172  0.771291
1.69316 0.539185  0.767704
1.69557 0.53621  0.764129
1.69798 0.533246  0.760568
1.7004 0.530293  0.757018
1.70281 0.527352  0.753482
1.70522 0.524422  0.749957
1.70763 0.521503  0.746446
1.71004 0.518595  0.742946
1.71246 0.515699  0.739459
1.71487 0.512814  0.735983
1.71728 0.50994  0.73252
1.71969 0.507076  0.729069
1.7221 0.504224  0.72563
1.72452 0.501383  0.722203
1.72693 0.498552  0.718787
1.72934 0.495732  0.715383
1.73175 0.492923  0.711991
1.73416 0.490125  0.70861
1.73658 0.487337  0.705241
1.73899 0.48456  0.701883
1.7414 0.481793  0.698536
1.74381 0.479036  0.695201
1.74622 0.47629  0.691877
1.74863 0.473555  0.688564
1.75105 0.470829  0.685262
1.75346 0.468114  0.681971
1.75587 0.46541  0.678691
1.75828 0.462715  0.675422
1.76069 0.46003  0.672163
1.76311 0.457356  0.668916
1.76552 0.454691  0.665678
1.76793 0.452037  0.662452
1.77034 0.449392  0.659236
1.77275 0.446757  0.65603
1.77517 0.444132  0.652835
1.77758 0.441517  0.64965
1.77999 0.438911  0.646475
1.7824 0.436315  0.64331
1.78481 0.433729  0.640155
1.78723 0.431153  0.637011
1.78964 0.428586  0.633876
1.79205 0.426028  0.630751
1.79446 0.42348  0.627636
1.79687 0.420941  0.624531
1.79928 0.418412  0.621436
1.8017 0.415892  0.61835
1.80411 0.413381  0.615273
1.80652 0.410879  0.612207
1.80893 0.408387  0.609149
1.81134 0.405904  0.606101
1.81376 0.40343  0.603062
1.81617 0.400965  0.600033
1.81858 0.398509  0.597013
1.82099 0.396062  0.594001
1.8234 0.393624  0.590999
1.82582 0.391195  0.588006
1.82823 0.388775  0.585022
1.83064 0.386363  0.582047
1.83305 0.38396  0.57908
1.83546 0.381567  0.576122
1.83788 0.379181  0.573173
1.84029 0.376805  0.570233
1.8427 0.374437  0.567301
1.84511 0.372078  0.564378
1.84752 0.369727  0.561463
1.84993 0.367385  0.558556
1.85235 0.365051  0.555658
1.85476 0.362726  0.552768
1.85717 0.360409  0.549887
1.85958 0.3581  0.547013
1.86199 0.3558  0.544148
1.86441 0.353508  0.54129
1.86682 0.351225  0.538441
1.86923 0.348949  0.5356
1.87164 0.346682  0.532766
1.87405 0.344423  0.529941
1.87647 0.342172  0.527123
1.87888 0.339929  0.524312
1.88129 0.337695  0.52151
1.8837 0.335468  0.518715
1.88611 0.333249  0.515928
1.88853 0.331039  0.513148
1.89094 0.328836  0.510375
1.89335 0.326641  0.50761
1.89576 0.324454  0.504853
1.89817 0.322274  0.502102
1.90059 0.320103  0.499359
1.903 0.317939  0.496623
1.90541 0.315783  0.493894
1.90782 0.313635  0.491172
1.91023 0.311494  0.488458
1.91264 0.309361  0.48575
1.91506 0.307236  0.483049
1.91747 0.305118  0.480355
1.91988 0.303008  0.477668
1.92229 0.300905  0.474987
1.9247 0.29881  0.472314
1.92712 0.296722  0.469646
1.92953 0.294642  0.466986
1.93194 0.292569  0.464332
1.93435 0.290503  0.461685
1.93676 0.288445  0.459044
1.93918 0.286394  0.456409
1.94159 0.28435  0.453781
1.944 0.282314  0.45116
1.94641 0.280285  0.448544
1.94882 0.278263  0.445935
1.95124 0.276248  0.443332
1.95365 0.27424  0.440735
1.95606 0.272239  0.438144
1.95847 0.270246  0.435559
1.96088 0.26826  0.43298
1.96329 0.26628  0.430407
1.96571 0.264308  0.42784
1.96812 0.262343  0.425279
1.97053 0.260384  0.422724
1.97294 0.258433  0.420174
1.97535 0.256488  0.41763
1.97777 0.25455  0.415092
1.98018 0.25262  0.412559
1.98259 0.250696  0.410032
1.985 0.248778  0.407511
1.98741 0.246868  0.404995
1.98983 0.244964  0.402484
1.99224 0.243068  0.399979
1.99465 0.241177  0.397479
1.99706 0.239294  0.394985
1.99947 0.237417  0.392495
2.00189 0.235547  0.390011
2.0043 0.233683  0.387533
2.00671 0.231826  0.385059
2.00912 0.229976  0.382591
2.01153 0.228132  0.380127
2.01394 0.226295  0.377669
2.01636 0.224464  0.375215
2.01877 0.22264  0.372767
2.02118 0.220822  0.370323
2.02359 0.21901  0.367884
2.026 0.217205  0.36545
2.02842 0.215407  0.363021
2.03083 0.213614  0.360597
2.03324 0.211829  0.358177
2.03565 0.210049  0.355762
2.03806 0.208276  0.353351
2.04048 0.206509  0.350945
2.04289 0.204748  0.348544
2.0453 0.202994  0.346147
2.04771 0.201246  0.343755
2.05012 0.199504  0.341367
2.05254 0.197768  0.338983
2.05495 0.196038  0.336604
2.05736 0.194315  0.334229
2.05977 0.192597  0.331858
2.06218 0.190886  0.329491
2.06459 0.189181  0.327129
2.06701 0.187482  0.324771
2.06942 0.185789  0.322417
2.07183 0.184102  0.320067
2.07424 0.182421  0.317721
2.07665 0.180746  0.31538
2.07907 0.179077  0.313042
2.08148 0.177414  0.310708
2.08389 0.175757  0.308378
2.0863 0.174106  0.306052
2.08871 0.172461  0.303729
2.09113 0.170821  0.301411
2.09354 0.169188  0.299096
2.09595 0.16756  0.296785
2.09836 0.165939  0.294478
2.10077 0.164323  0.292174
2.10319 0.162713  0.289874
2.1056 0.161108  0.287578
2.10801 0.15951  0.285285
2.11042 0.157917  0.282996
2.11283 0.15633  0.28071
2.11525 0.154749  0.278428
2.11766 0.153173  0.276149
2.12007 0.151603  0.273873
2.12248 0.150039  0.271601
2.12489 0.148481  0.269332
2.1273 0.146928  0.267067
2.12972 0.14538  0.264805
2.13213 0.143839  0.262546
2.13454 0.142303  0.26029
2.13695 0.140772  0.258037
2.13936 0.139247  0.255788
2.14178 0.137728  0.253542
2.14419 0.136214  0.251298
2.1466 0.134706  0.249058
2.14901 0.133203  0.246821
2.15142 0.131706  0.244587
2.15384 0.130214  0.242356
2.15625 0.128728  0.240128
2.15866 0.127247  0.237903
2.16107 0.125772  0.23568
2.16348 0.124302  0.233461
2.1659 0.122838  0.231244
2.16831 0.121379  0.22903
2.17072 0.119925  0.226819
2.17313 0.118477  0.224611
2.17554 0.117034  0.222405
2.17795 0.115596  0.220202
2.18037 0.114164  0.218002
2.18278 0.112737  0.215805
2.18519 0.111315  0.21361
2.1876 0.109899  0.211417
2.19001 0.108488  0.209227
2.19243 0.107082  0.20704
2.19484 0.105682  0.204855
2.19725 0.104287  0.202673
2.19966 0.102897  0.200493
2.20207 0.101512  0.198316
2.20449 0.100133  0.196141
2.2069 0.0987583  0.193968
2.20931 0.0973892  0.191798
2.21172 0.0960254  0.18963
2.21413 0.0946666  0.187465
2.21655 0.0933131  0.185301
2.21896 0.0919647  0.18314
2.22137 0.0906214  0.180982
2.22378 0.0892833  0.178825
2.22619 0.0879503  0.176671
2.2286 0.0866224  0.174519
2.23102 0.0852997  0.172369
2.23343 0.083982  0.170221
2.23584 0.0826694  0.168075
2.23825 0.0813618  0.165932
2.24066 0.0800593  0.16379
2.24308 0.0787619  0.16165
2.24549 0.0774695  0.159513
2.2479 0.0761822  0.157377
2.25031 0.0748998  0.155244
2.25272 0.0736225  0.153112
2.25514 0.0723502  0.150983
2.25755 0.0710828  0.148855
2.25996 0.0698205  0.146729
2.26237 0.0685631  0.144606
2.26478 0.0673107  0.142484
2.2672 0.0660633  0.140364
2.26961 0.0648208  0.138245
2.27202 0.0635832  0.136129
2.27443 0.0623506  0.134014
2.27684 0.0611229  0.131901
2.27925 0.0599001  0.12979
2.28167 0.0586822  0.127681
2.28408 0.0574692  0.125573
2.28649 0.0562611  0.123467
2.2889 0.0550578  0.121363
2.29131 0.0538595  0.11926
2.29373 0.052666  0.117159
2.29614 0.0514774  0.11506
2.29855 0.0502936  0.112962
2.30096 0.0491146  0.110866
2.30337 0.0479405  0.108772
2.30579 0.0467712  0.106679
2.3082 0.0456067  0.104588
2.31061 0.0444471  0.102498
2.31302 0.0432922  0.10041
2.31543 0.0421422  0.0983231
2.31785 0.0409969  0.096238
2.32026 0.0398564  0.0941544
2.32267 0.0387207  0.0920722
2.32508 0.0375897  0.0899916
2.32749 0.0364636  0.0879123
2.32991 0.0353421  0.0858346
2.33232 0.0342254  0.0837583
2.33473 0.0331135  0.0816834
2.33714 0.0320063  0.0796099
2.33955 0.0309038  0.0775378
2.34196 0.0298061  0.0754671
2.34438 0.028713  0.0733978
2.34679 0.0276247  0.0713299
2.3492 0.0265411  0.0692633
2.35161 0.0254621  0.0671981
2.35402 0.0243879  0.0651342
2.35644 0.0233184  0.0630717
2.35885 0.0222535  0.0610105
2.36126 0.0211933  0.0589506
2.36367 0.0201378  0.056892
2.36608 0.0190869  0.0548347
2.3685 0.0180407  0.0527787
2.37091 0.0169992  0.050724
2.37332 0.0159623  0.0486705
2.37573 0.01493  0.0466183
2.37814 0.0139024  0.0445674
2.38056 0.0128794  0.0425177
2.38297 0.0118611  0.0404693
2.38538 0.0108473  0.0384221
2.38779 0.0098382  0.0363762
2.3902 0.0088337  0.0343315
2.39261 0.0078338  0.032288
2.39503 0.00683851  0.0302458
2.39744 0.00584782  0.0282047
2.39985 0.00486172  0.0261649
2.40226 0.00388021  0.0241263
2.40467 0.00290329  0.0220889
2.40709 0.00193095  0.0200527
2.4095 0.000963188  0.0180177
2.41191 -0  0.0159839
